0 0.814063 0.020313 0.115625 0.040625
0 0.564063 0.017188 0.053125 0.034375
0 0.635938 0.082031 0.078125 0.107813
0 0.269531 0.114844 0.054688 0.085938
0 0.814844 0.139063 0.067187 0.121875
0 0.357031 0.147656 0.054688 0.082812
0 0.144531 0.189844 0.089063 0.067187
0 0.289062 0.201563 0.062500 0.056250
0 0.657813 0.204687 0.025000 0.053125
0 0.651563 0.271875 0.046875 0.056250
0 0.403125 0.425781 0.071875 0.067187
0 0.224219 0.453906 0.045312 0.051562
0 0.672656 0.475000 0.064062 0.075000
0 0.225000 0.533594 0.059375 0.070312
0 0.639062 0.557813 0.068750 0.071875
0 0.472656 0.559375 0.073438 0.100000
0 0.044531 0.576562 0.045312 0.078125
0 0.114844 0.692187 0.064062 0.081250
0 0.170313 0.763281 0.040625 0.042188
0 0.231250 0.800781 0.031250 0.032813
0 0.380469 0.840625 0.045312 0.062500
0 0.455469 0.988281 0.082812 0.023438
0 0.896875 0.976562 0.078125 0.046875