0 0.656250 0.092969 0.062500 0.073438
0 0.552344 0.197656 0.067187 0.057813
0 0.440625 0.214062 0.065625 0.081250
0 0.822656 0.241406 0.085938 0.079687
0 0.345313 0.254688 0.078125 0.075000
0 0.639844 0.279687 0.048438 0.046875
0 0.988281 0.283594 0.023438 0.107813
0 0.048438 0.364844 0.096875 0.079687
0 0.335938 0.432031 0.068750 0.076563
0 0.564063 0.512500 0.053125 0.059375
0 0.703906 0.572656 0.085938 0.076563
0 0.341406 0.607812 0.070312 0.075000
0 0.569531 0.657031 0.101562 0.079687
0 0.023438 0.866406 0.046875 0.082812