0 0.656250 0.092969 0.062500 0.073438
0 0.552344 0.197656 0.060937 0.064062
0 0.440625 0.213281 0.075000 0.073438
0 0.822656 0.241406 0.082812 0.082812
0 0.345313 0.254688 0.078125 0.075000
0 0.639844 0.279687 0.048438 0.046875
0 0.977344 0.282813 0.045312 0.065625
0 0.048438 0.364844 0.087500 0.089063
0 0.335938 0.431250 0.071875 0.071875
0 0.564063 0.512500 0.056250 0.056250
0 0.703906 0.573438 0.079687 0.081250
0 0.341406 0.607812 0.073438 0.071875
0 0.570312 0.657031 0.090625 0.089063
0 0.027344 0.865625 0.054688 0.065625