0 0.067187 0.041406 0.040625 0.039062
0 0.481250 0.059375 0.043750 0.046875
0 0.885156 0.066406 0.060937 0.060937
0 0.839063 0.151562 0.059375 0.059375
0 0.463281 0.241406 0.023438 0.023438
0 0.066406 0.257812 0.060937 0.046875
0 0.596094 0.269531 0.064062 0.064062
0 0.894531 0.292187 0.073438 0.065625
0 0.458594 0.294531 0.023438 0.020313
0 0.343750 0.302344 0.028125 0.029687
0 0.431250 0.339062 0.056250 0.056250
0 0.639844 0.369531 0.067187 0.067187
0 0.830469 0.380469 0.070312 0.070312
0 0.917969 0.417187 0.026562 0.025000
0 0.327344 0.446094 0.048438 0.070312
0 0.685156 0.451562 0.023438 0.021875
0 0.899219 0.451562 0.029687 0.028125
0 0.731250 0.484375 0.031250 0.031250
0 0.561719 0.542969 0.067187 0.067187
0 0.901563 0.543750 0.150000 0.150000
0 0.235156 0.574219 0.026562 0.026562
0 0.420312 0.612500 0.071875 0.078125
0 0.146094 0.632031 0.070312 0.070312
0 0.220312 0.653125 0.018750 0.034375
0 0.614844 0.676562 0.026562 0.028125
0 0.531250 0.689063 0.028125 0.025000
0 0.230469 0.700000 0.023438 0.025000
0 0.807813 0.704688 0.068750 0.071875
0 0.339062 0.709375 0.037500 0.046875
0 0.596875 0.727344 0.053125 0.054688
0 0.403125 0.772656 0.040625 0.039062
0 0.285156 0.777344 0.104688 0.101562
0 0.459375 0.817969 0.050000 0.048438
0 0.732031 0.853125 0.048438 0.046875
0 0.532813 0.875000 0.078125 0.065625