0 0.547656 0.043750 0.051562 0.065625
0 0.389844 0.190625 0.035937 0.056250
0 0.476562 0.246875 0.053125 0.046875
0 0.267969 0.251563 0.051562 0.056250
0 0.943750 0.308594 0.112500 0.173437
0 0.433594 0.331250 0.064062 0.046875
0 0.770312 0.354687 0.046875 0.056250
0 0.582812 0.533594 0.053125 0.060937
0 0.467187 0.617188 0.071875 0.056250
0 0.952344 0.650781 0.048438 0.079687
0 0.677344 0.696875 0.064062 0.071875
0 0.352344 0.714063 0.064062 0.046875
0 0.734375 0.750781 0.075000 0.095312
0 0.167969 0.767188 0.042188 0.071875
0 0.023438 0.792188 0.046875 0.125000
0 0.160938 0.988281 0.137500 0.023438