0 0.256250 0.020313 0.056250 0.040625
0 0.402344 0.095312 0.092188 0.081250
0 0.245312 0.096875 0.059375 0.040625
0 0.698438 0.154688 0.068750 0.087500
0 0.800000 0.204687 0.050000 0.071875
0 0.979688 0.211719 0.040625 0.045312
0 0.251563 0.264844 0.037500 0.045312
0 0.009375 0.318750 0.018750 0.100000
0 0.545312 0.349219 0.084375 0.070312
0 0.472656 0.378906 0.035937 0.032813
0 0.945312 0.382812 0.081250 0.068750
0 0.389062 0.410156 0.028125 0.039062
0 0.089844 0.475000 0.067187 0.040625
0 0.404687 0.586719 0.078125 0.064062
0 0.585156 0.623437 0.048438 0.081250
0 0.956250 0.948438 0.087500 0.081250