0 0.255469 0.021875 0.048438 0.043750
0 0.401562 0.094531 0.087500 0.085938
0 0.245312 0.096875 0.059375 0.040625
0 0.698438 0.154688 0.078125 0.078125
0 0.800000 0.204687 0.050000 0.071875
0 0.978906 0.210156 0.042188 0.042188
0 0.251563 0.264844 0.040625 0.042188
0 0.009375 0.318750 0.018750 0.100000
0 0.545312 0.349219 0.078125 0.076563
0 0.472656 0.378906 0.032813 0.035937
0 0.945312 0.382812 0.081250 0.068750
0 0.388281 0.410156 0.032813 0.032813
0 0.089844 0.474219 0.054688 0.054688
0 0.403906 0.586719 0.070312 0.070312
0 0.585156 0.622656 0.064062 0.064062
0 0.956250 0.948438 0.087500 0.081250