0 0.421094 0.013281 0.098437 0.026562
0 0.614062 0.121094 0.065625 0.098437
0 0.860156 0.167187 0.064062 0.040625
0 0.760156 0.175000 0.054688 0.059375
0 0.979688 0.190625 0.040625 0.050000
0 0.464844 0.281250 0.076563 0.090625
0 0.692187 0.364844 0.046875 0.070312
0 0.210156 0.393750 0.054688 0.071875
0 0.984375 0.400781 0.031250 0.073438
0 0.931250 0.436719 0.053125 0.079687
0 0.617969 0.484375 0.054688 0.075000
0 0.442969 0.515625 0.054688 0.046875
0 0.825781 0.531250 0.064062 0.078125
0 0.973437 0.589063 0.053125 0.081250
0 0.345313 0.631250 0.087500 0.093750
0 0.489844 0.731250 0.082812 0.046875
0 0.456250 0.940625 0.143750 0.075000