0 0.421094 0.013281 0.098437 0.026562
0 0.614062 0.121094 0.081250 0.082812
0 0.859375 0.166406 0.053125 0.051562
0 0.759375 0.175000 0.056250 0.059375
0 0.978125 0.189844 0.043750 0.045312
0 0.464844 0.281250 0.076563 0.090625
0 0.692187 0.364844 0.059375 0.057813
0 0.209375 0.393750 0.056250 0.071875
0 0.978906 0.400000 0.042188 0.053125
0 0.931250 0.436719 0.065625 0.067187
0 0.617188 0.484375 0.065625 0.062500
0 0.442188 0.515625 0.050000 0.050000
0 0.825781 0.531250 0.070312 0.071875
0 0.969531 0.588281 0.060937 0.067187
0 0.345313 0.631250 0.090625 0.090625
0 0.489063 0.731250 0.065625 0.065625
0 0.456250 0.940625 0.143750 0.075000