0 0.304688 0.192188 0.059375 0.059375
0 0.578125 0.158594 0.040625 0.051562
0 0.878906 0.030469 0.057813 0.057813
0 0.361719 0.035937 0.048438 0.050000
0 0.463281 0.522656 0.029687 0.029687
0 0.380469 0.694531 0.051562 0.051562
0 0.525781 0.559375 0.023438 0.028125
0 0.277344 0.533594 0.026562 0.026562
0 0.053125 0.792969 0.062500 0.060937
0 0.188281 0.960938 0.073438 0.056250
0 0.302344 0.884375 0.054688 0.056250
0 0.518750 0.917969 0.037500 0.039062
0 0.518750 0.953906 0.043750 0.045312
0 0.631250 0.907031 0.031250 0.029687
0 0.807031 0.832812 0.045312 0.046875
0 0.825781 0.730469 0.045312 0.045312
0 0.868750 0.643750 0.043750 0.046875
0 0.854688 0.582812 0.043750 0.043750