0 0.670312 0.017188 0.062500 0.034375
0 0.535156 0.071875 0.079687 0.090625
0 0.047656 0.085938 0.095312 0.081250
0 0.393750 0.154688 0.028125 0.053125
0 0.699219 0.175000 0.070312 0.084375
0 0.260156 0.217188 0.082812 0.075000
0 0.540625 0.228906 0.075000 0.076563
0 0.750000 0.248438 0.087500 0.075000
0 0.949219 0.375781 0.054688 0.067187
0 0.345313 0.428125 0.078125 0.046875
0 0.738281 0.464844 0.045312 0.057813
0 0.310156 0.581250 0.064062 0.087500
0 0.862500 0.603125 0.103125 0.081250
0 0.685156 0.603125 0.089063 0.075000
0 0.973437 0.700000 0.053125 0.053125
0 0.425781 0.720313 0.045312 0.037500
0 0.751563 0.776563 0.118750 0.096875
0 0.465625 0.780469 0.034375 0.035937
0 0.385156 0.954688 0.082812 0.090625