0 0.493750 0.092188 0.043750 0.071875
0 0.217969 0.128125 0.054688 0.056250
0 0.777344 0.200000 0.060937 0.075000
0 0.896875 0.278906 0.109375 0.129688
0 0.062500 0.299219 0.043750 0.064062
0 0.585156 0.406250 0.079687 0.096875
0 0.903125 0.467187 0.059375 0.059375
0 0.165625 0.484375 0.075000 0.075000
0 0.974219 0.493750 0.051562 0.056250
0 0.874219 0.507812 0.060937 0.059375
0 0.203906 0.567187 0.070312 0.071875
0 0.025000 0.609375 0.050000 0.062500
0 0.791406 0.610938 0.070312 0.100000
0 0.702344 0.635938 0.045312 0.128125
0 0.478906 0.805469 0.085938 0.085938
0 0.815625 0.985156 0.043750 0.029687