0 0.543750 0.031250 0.050000 0.040625
0 0.256250 0.035937 0.090625 0.062500
0 0.895312 0.121094 0.050000 0.060937
0 0.785156 0.166406 0.101562 0.129688
0 0.381250 0.417969 0.053125 0.092188
0 0.569531 0.418750 0.054688 0.065625
0 0.085156 0.453125 0.039062 0.046875
0 0.732031 0.525000 0.064062 0.096875
0 0.135937 0.563281 0.040625 0.060937
0 0.208594 0.631250 0.060937 0.071875
0 0.500000 0.641406 0.071875 0.064062
0 0.770312 0.676562 0.046875 0.062500
0 0.437500 0.707031 0.059375 0.042188
0 0.931250 0.715625 0.096875 0.118750
0 0.594531 0.786719 0.054688 0.057813
0 0.529687 0.794531 0.068750 0.042188
0 0.513281 0.857031 0.082812 0.079687
0 0.482031 0.935156 0.092188 0.107813
0 0.889844 0.960156 0.064062 0.079687