0 0.719531 0.021875 0.070312 0.043750
0 0.756250 0.058594 0.093750 0.095312
0 0.828906 0.117188 0.054688 0.053125
0 0.405469 0.121875 0.060937 0.062500
0 0.360156 0.235156 0.067187 0.067187
0 0.106250 0.478906 0.084375 0.057813
0 0.364063 0.479687 0.046875 0.046875
0 0.293750 0.504687 0.050000 0.050000
0 0.431250 0.525000 0.056250 0.065625
0 0.883594 0.533594 0.095312 0.095312
0 0.493750 0.540625 0.056250 0.056250
0 0.094531 0.572656 0.095312 0.095312
0 0.300000 0.638281 0.065625 0.067187
0 0.185938 0.723437 0.046875 0.065625
0 0.030469 0.905469 0.060937 0.076563