0 0.720313 0.010156 0.118750 0.020313
0 0.756250 0.058594 0.093750 0.095312
0 0.828125 0.117188 0.050000 0.059375
0 0.405469 0.121094 0.057813 0.067187
0 0.360156 0.235937 0.079687 0.056250
0 0.106250 0.478906 0.084375 0.057813
0 0.364844 0.479687 0.054688 0.040625
0 0.293750 0.504687 0.043750 0.056250
0 0.431250 0.525000 0.056250 0.065625
0 0.883594 0.533594 0.076563 0.114062
0 0.494531 0.541406 0.064062 0.051562
0 0.094531 0.572656 0.095312 0.095312
0 0.300000 0.638281 0.068750 0.064062
0 0.186719 0.724219 0.045312 0.067187
0 0.023438 0.906250 0.046875 0.106250