0 0.544531 0.017969 0.054688 0.035937
0 0.400781 0.067187 0.048438 0.046875
0 0.142187 0.082031 0.093750 0.101562
0 0.909375 0.085156 0.050000 0.054688
0 0.821094 0.116406 0.054688 0.060937
0 0.464844 0.135156 0.057813 0.067187
0 0.773438 0.179688 0.059375 0.056250
0 0.027344 0.196094 0.054688 0.067187
0 0.192969 0.259375 0.029687 0.046875
0 0.978125 0.314063 0.043750 0.071875
0 0.703906 0.432031 0.057813 0.035937
0 0.825781 0.443750 0.064062 0.046875
0 0.407813 0.490625 0.109375 0.106250
0 0.914844 0.503125 0.051562 0.053125
0 0.156250 0.567187 0.050000 0.056250
0 0.610938 0.582812 0.040625 0.078125
0 0.387500 0.609375 0.068750 0.053125
0 0.289062 0.616406 0.046875 0.045312
0 0.951562 0.633594 0.078125 0.045312
0 0.045312 0.651563 0.056250 0.071875
0 0.907813 0.707031 0.100000 0.070312
0 0.703906 0.737500 0.070312 0.071875
0 0.371875 0.783594 0.056250 0.051562
0 0.550000 0.785156 0.071875 0.064062
0 0.407813 0.871875 0.093750 0.081250
0 0.325000 0.943750 0.071875 0.059375