0 0.725781 0.012500 0.035937 0.025000
0 0.853125 0.086719 0.043750 0.045312
0 0.710938 0.094531 0.050000 0.051562
0 0.802344 0.138281 0.067187 0.067187
0 0.204687 0.169531 0.140625 0.139063
0 0.971094 0.232813 0.057813 0.071875
0 0.644531 0.320312 0.051562 0.053125
0 0.802344 0.346094 0.054688 0.045312
0 0.696875 0.371094 0.056250 0.057813
0 0.665625 0.474219 0.059375 0.057813
0 0.303125 0.512500 0.084375 0.084375
0 0.442188 0.818750 0.109375 0.109375
0 0.969531 0.892188 0.060937 0.068750
0 0.175000 0.982812 0.078125 0.034375