0 0.977344 0.310156 0.045312 0.073438
0 0.303125 0.365625 0.059375 0.046875
0 0.894531 0.477344 0.060937 0.060937
0 0.257031 0.484375 0.042188 0.043750
0 0.492969 0.540625 0.045312 0.043750
0 0.843750 0.545312 0.043750 0.059375
0 0.923438 0.559375 0.050000 0.043750
0 0.578125 0.585156 0.062500 0.060937
0 0.775000 0.595313 0.062500 0.065625
0 0.667188 0.604688 0.053125 0.053125
0 0.217969 0.607031 0.067187 0.067187
0 0.305469 0.749219 0.079687 0.079687
0 0.708594 0.782813 0.079687 0.081250
0 0.361719 0.796875 0.051562 0.050000
0 0.139844 0.886719 0.076563 0.073438
0 0.445312 0.922656 0.068750 0.067187