0 0.991406 0.310937 0.017188 0.128125
0 0.303125 0.365625 0.059375 0.046875
0 0.895312 0.477344 0.059375 0.060937
0 0.257031 0.485156 0.035937 0.051562
0 0.492969 0.540625 0.051562 0.037500
0 0.843750 0.546094 0.043750 0.060937
0 0.923438 0.560156 0.050000 0.045312
0 0.577344 0.585156 0.054688 0.070312
0 0.775000 0.596094 0.062500 0.067187
0 0.667188 0.605469 0.059375 0.045312
0 0.217969 0.607031 0.039062 0.095312
0 0.304688 0.748437 0.078125 0.081250
0 0.708594 0.782813 0.079687 0.081250
0 0.362500 0.796875 0.059375 0.043750
0 0.139844 0.886719 0.079687 0.070312
0 0.445312 0.922656 0.065625 0.070312