0 0.501563 0.053125 0.059375 0.075000
0 0.374219 0.087500 0.070312 0.071875
0 0.453906 0.117969 0.045312 0.045312
0 0.504687 0.118750 0.056250 0.056250
0 0.733594 0.132812 0.092188 0.062500
0 0.657813 0.150000 0.050000 0.056250
0 0.326562 0.257031 0.050000 0.064062
0 0.644531 0.304688 0.064062 0.062500
0 0.690625 0.305469 0.046875 0.045312
0 0.540625 0.336719 0.053125 0.054688
0 0.431250 0.367188 0.059375 0.059375
0 0.631250 0.551562 0.056250 0.046875
0 0.793750 0.556250 0.050000 0.068750
0 0.235937 0.830469 0.115625 0.079687
0 0.376563 0.976562 0.081250 0.046875
0 0.128125 0.978906 0.046875 0.042188