0 0.501563 0.053125 0.059375 0.075000
0 0.374219 0.088281 0.067187 0.076563
0 0.454688 0.117188 0.059375 0.031250
0 0.504687 0.118750 0.050000 0.062500
0 0.733594 0.132812 0.092188 0.062500
0 0.657813 0.150000 0.050000 0.056250
0 0.326562 0.257031 0.050000 0.064062
0 0.644531 0.304688 0.057813 0.068750
0 0.691406 0.304688 0.045312 0.046875
0 0.540625 0.335938 0.062500 0.046875
0 0.431250 0.367969 0.056250 0.060937
0 0.632031 0.551562 0.054688 0.046875
0 0.793750 0.556250 0.050000 0.068750
0 0.235937 0.830469 0.115625 0.079687
0 0.376563 0.976562 0.081250 0.046875
0 0.129688 0.982031 0.059375 0.035937