0 0.771094 0.050781 0.135937 0.101562
0 0.229687 0.059375 0.065625 0.040625
0 0.057813 0.105469 0.087500 0.045312
0 0.333594 0.112500 0.054688 0.050000
0 0.625781 0.146094 0.032813 0.023438
0 0.768750 0.200781 0.034375 0.029687
0 0.728906 0.213281 0.020313 0.017188
0 0.846094 0.295312 0.039062 0.056250
0 0.800781 0.303906 0.039062 0.035937
0 0.690625 0.325781 0.159375 0.098437
0 0.377344 0.410938 0.023438 0.025000
0 0.517969 0.412500 0.045312 0.028125
0 0.616406 0.443750 0.048438 0.034375
0 0.385937 0.452344 0.043750 0.035937
0 0.257031 0.467187 0.035937 0.025000
0 0.784375 0.472656 0.090625 0.051562
0 0.321094 0.489063 0.045312 0.034375
0 0.356250 0.551562 0.050000 0.081250
0 0.589844 0.587500 0.057813 0.056250
0 0.431250 0.596875 0.043750 0.043750
0 0.180469 0.618750 0.067187 0.056250
0 0.314844 0.623437 0.070312 0.046875
0 0.424219 0.637500 0.042188 0.046875
0 0.188281 0.657031 0.045312 0.029687
0 0.552344 0.659375 0.048438 0.028125
0 0.355469 0.695312 0.039062 0.034375
0 0.447656 0.757031 0.054688 0.057813
0 0.575781 0.793750 0.042188 0.031250
0 0.022656 0.808594 0.045312 0.082812
0 0.523438 0.823438 0.053125 0.096875
0 0.456250 0.857031 0.031250 0.035937
0 0.766406 0.861719 0.114062 0.060937
0 0.479687 0.864844 0.018750 0.045312
0 0.612500 0.876563 0.087500 0.093750
0 0.091406 0.977344 0.110937 0.045312
0 0.252344 0.979688 0.135937 0.040625