0 0.616406 0.035156 0.079687 0.070312
0 0.935156 0.053125 0.089063 0.090625
0 0.689844 0.143750 0.076563 0.090625
0 0.374219 0.202344 0.101562 0.101562
0 0.635156 0.235937 0.051562 0.056250
0 0.864844 0.269531 0.051562 0.051562
0 0.117188 0.271094 0.050000 0.051562
0 0.021094 0.299219 0.042188 0.054688
0 0.905469 0.307812 0.057813 0.056250
0 0.811719 0.405469 0.035937 0.035937
0 0.035156 0.459375 0.067187 0.065625
0 0.905469 0.495312 0.089063 0.087500
0 0.344531 0.584375 0.039062 0.037500
0 0.187500 0.596875 0.071875 0.071875
0 0.257031 0.710938 0.070312 0.071875
0 0.889062 0.969531 0.062500 0.060937