0 0.617188 0.031250 0.096875 0.062500
0 0.935156 0.053125 0.092188 0.087500
0 0.689844 0.143750 0.076563 0.090625
0 0.374219 0.203125 0.123438 0.081250
0 0.635156 0.235937 0.051562 0.056250
0 0.864844 0.269531 0.051562 0.048438
0 0.117188 0.271094 0.050000 0.051562
0 0.016406 0.300000 0.032813 0.075000
0 0.905469 0.307812 0.060937 0.053125
0 0.811719 0.405469 0.035937 0.039062
0 0.034375 0.459375 0.068750 0.065625
0 0.905469 0.495312 0.060937 0.115625
0 0.343750 0.584375 0.028125 0.050000
0 0.187500 0.596875 0.071875 0.075000
0 0.257031 0.710938 0.064062 0.078125
0 0.889844 0.970313 0.064062 0.059375