0 0.406250 0.035937 0.053125 0.053125
0 0.538281 0.035937 0.051562 0.050000
0 0.560156 0.205469 0.082812 0.082812
0 0.770312 0.287500 0.062500 0.040625
0 0.630469 0.302344 0.060937 0.060937
0 0.280469 0.303125 0.142187 0.140625
0 0.140625 0.336719 0.112500 0.114062
0 0.764062 0.363281 0.037500 0.035937
0 0.681250 0.443750 0.031250 0.028125
0 0.245312 0.550781 0.115625 0.157812
0 0.947656 0.603125 0.070312 0.106250
0 0.592187 0.638281 0.046875 0.054688
0 0.773438 0.656250 0.046875 0.081250
0 0.829688 0.661719 0.050000 0.051562