0 0.406250 0.035937 0.059375 0.046875
0 0.538281 0.035937 0.048438 0.053125
0 0.560937 0.206250 0.068750 0.096875
0 0.770312 0.287500 0.062500 0.040625
0 0.630469 0.302344 0.057813 0.064062
0 0.280469 0.303125 0.126562 0.156250
0 0.140625 0.335938 0.140625 0.087500
0 0.764062 0.363281 0.040625 0.032813
0 0.681250 0.443750 0.025000 0.034375
0 0.245312 0.550781 0.115625 0.157812
0 0.947656 0.603125 0.070312 0.106250
0 0.592187 0.638281 0.046875 0.054688
0 0.774219 0.656250 0.045312 0.081250
0 0.829688 0.661719 0.037500 0.064062