0 0.542969 0.095312 0.032813 0.056250
0 0.692969 0.153125 0.110937 0.084375
0 0.769531 0.168750 0.073438 0.071875
0 0.188281 0.199219 0.073438 0.073438
0 0.234375 0.269531 0.090625 0.092188
0 0.803906 0.278906 0.142187 0.089063
0 0.939844 0.369531 0.101562 0.079687
0 0.543750 0.371094 0.050000 0.057813
0 0.362500 0.385156 0.053125 0.042188
0 0.502344 0.469531 0.045312 0.045312
0 0.727344 0.478906 0.060937 0.064062
0 0.553906 0.518750 0.054688 0.040625
0 0.975781 0.547656 0.048438 0.120313
0 0.217969 0.623437 0.079687 0.081250
0 0.290625 0.767188 0.112500 0.100000
0 0.285156 0.879687 0.120313 0.096875
0 0.743750 0.930469 0.056250 0.076563
0 0.952344 0.959375 0.095312 0.081250