0 0.564844 0.014844 0.045312 0.029687
0 0.646875 0.040625 0.050000 0.040625
0 0.271875 0.074219 0.068750 0.085938
0 0.910156 0.078906 0.067187 0.057813
0 0.560156 0.079687 0.035937 0.046875
0 0.750781 0.157812 0.045312 0.081250
0 0.438281 0.310937 0.092188 0.065625
0 0.914844 0.340625 0.051562 0.056250
0 0.199219 0.346875 0.032813 0.046875
0 0.894531 0.419531 0.035937 0.051562
0 0.493750 0.430469 0.059375 0.060937
0 0.876563 0.484375 0.071875 0.046875
0 0.179688 0.517969 0.050000 0.051562
0 0.442188 0.630469 0.059375 0.070312
0 0.685156 0.679688 0.070312 0.078125
0 0.578125 0.709375 0.046875 0.046875
0 0.367188 0.743750 0.075000 0.053125
0 0.364844 0.818750 0.067187 0.068750
0 0.206250 0.970313 0.156250 0.059375
0 0.883594 0.992969 0.064062 0.014063