0 0.577344 0.050781 0.117188 0.101562
0 0.310156 0.061719 0.054688 0.035937
0 0.805469 0.143750 0.051562 0.040625
0 0.151562 0.171094 0.043750 0.048438
0 0.271875 0.253906 0.059375 0.057813
0 0.867188 0.262500 0.053125 0.056250
0 0.309375 0.343750 0.040625 0.062500
0 0.689844 0.487500 0.057813 0.053125
0 0.250000 0.541406 0.078125 0.064062
0 0.542969 0.614844 0.032813 0.051562
0 0.685937 0.625781 0.059375 0.073438
0 0.477344 0.711719 0.054688 0.051562
0 0.853125 0.725781 0.084375 0.095312
0 0.328906 0.949219 0.092188 0.067187
0 0.819531 0.977344 0.054688 0.045312
0 0.703906 0.985156 0.070312 0.029687