0 0.576562 0.052344 0.109375 0.104688
0 0.309375 0.060937 0.043750 0.046875
0 0.805469 0.143750 0.045312 0.046875
0 0.151562 0.171094 0.043750 0.048438
0 0.271094 0.253906 0.057813 0.057813
0 0.867188 0.262500 0.053125 0.056250
0 0.309375 0.343750 0.040625 0.062500
0 0.689844 0.487500 0.054688 0.056250
0 0.250000 0.541406 0.078125 0.064062
0 0.542969 0.614844 0.042188 0.042188
0 0.685937 0.625781 0.065625 0.067187
0 0.477344 0.710938 0.054688 0.053125
0 0.853125 0.725781 0.090625 0.089063
0 0.328125 0.948438 0.078125 0.081250
0 0.818750 0.975781 0.050000 0.048438
0 0.703125 0.979688 0.050000 0.040625