0 0.336719 0.300000 0.042188 0.056250
0 0.489063 0.321094 0.065625 0.048438
0 0.843750 0.089063 0.043750 0.028125
0 0.846875 0.139063 0.028125 0.025000
0 0.914844 0.172656 0.023438 0.023438
0 0.982031 0.235937 0.035937 0.046875
0 0.935937 0.507812 0.043750 0.043750
0 0.232031 0.764844 0.039062 0.039062
0 0.260937 0.840625 0.043750 0.043750
0 0.481250 0.707812 0.037500 0.037500
0 0.553125 0.705469 0.043750 0.042188
0 0.248438 0.460156 0.053125 0.051562
0 0.282031 0.411719 0.029687 0.029687
0 0.195312 0.222656 0.028125 0.023438
0 0.096875 0.382031 0.018750 0.026562
0 0.516406 0.043750 0.076563 0.078125