0 0.336719 0.300000 0.042188 0.056250
0 0.489844 0.321094 0.064062 0.048438
0 0.843750 0.089063 0.043750 0.028125
0 0.846875 0.139063 0.025000 0.028125
0 0.914844 0.172656 0.023438 0.023438
0 0.989062 0.236719 0.021875 0.073438
0 0.935937 0.507812 0.040625 0.046875
0 0.232031 0.765625 0.032813 0.046875
0 0.261719 0.840625 0.032813 0.053125
0 0.481250 0.707812 0.028125 0.046875
0 0.552344 0.705469 0.032813 0.054688
0 0.248438 0.459375 0.046875 0.056250
0 0.282813 0.410938 0.028125 0.031250
0 0.195312 0.222656 0.028125 0.023438
0 0.096875 0.382031 0.018750 0.026562
0 0.516406 0.044531 0.104688 0.051562