0 0.582031 0.128906 0.032813 0.032813
0 0.653125 0.153906 0.028125 0.026562
0 0.577344 0.184375 0.026562 0.025000
0 0.640625 0.192969 0.028125 0.029687
0 0.359375 0.202344 0.028125 0.029687
0 0.425000 0.202344 0.028125 0.026562
0 0.741406 0.228125 0.051562 0.053125
0 0.518750 0.242188 0.028125 0.025000
0 0.435156 0.297656 0.029687 0.032813
0 0.325000 0.310156 0.087500 0.089063
0 0.146875 0.400781 0.062500 0.060937
0 0.942969 0.495312 0.048438 0.050000
0 0.316406 0.531250 0.054688 0.053125
0 0.690625 0.535156 0.050000 0.048438
0 0.451562 0.561719 0.046875 0.048438
0 0.850781 0.585156 0.039062 0.029687
0 0.965625 0.622656 0.043750 0.045312
0 0.931250 0.677344 0.068750 0.067187
0 0.864062 0.710938 0.037500 0.037500
0 0.782813 0.712500 0.037500 0.037500
0 0.298438 0.746875 0.043750 0.043750
0 0.703906 0.778906 0.057813 0.057813
0 0.530469 0.840625 0.048438 0.043750
0 0.623437 0.841406 0.071875 0.073438
0 0.430469 0.849219 0.045312 0.045312
0 0.160156 0.904687 0.064062 0.065625
0 0.509375 0.939063 0.050000 0.050000