0 0.199219 0.142969 0.070312 0.064062
0 0.305469 0.309375 0.054688 0.056250
0 0.041406 0.634375 0.082812 0.031250
0 0.046094 0.686719 0.073438 0.060937
0 0.138281 0.654687 0.045312 0.031250
0 0.118750 0.391406 0.053125 0.067187
0 0.268750 0.567187 0.034375 0.065625
0 0.482031 0.575000 0.054688 0.056250
0 0.475000 0.846094 0.050000 0.051562
0 0.215625 0.843750 0.071875 0.037500
0 0.566406 0.760156 0.042188 0.045312
0 0.516406 0.795312 0.076563 0.056250
0 0.814844 0.639062 0.023438 0.034375
0 0.825781 0.571875 0.045312 0.028125
0 0.693750 0.482812 0.050000 0.050000
0 0.878906 0.405469 0.076563 0.045312
0 0.719531 0.172656 0.045312 0.082812
0 0.805469 0.225781 0.045312 0.051562
0 0.803125 0.285156 0.043750 0.026562
0 0.530469 0.269531 0.014063 0.060937
0 0.601562 0.279687 0.028125 0.046875