0 0.421875 0.121875 0.093750 0.081250
0 0.215625 0.185156 0.068750 0.070312
0 0.336719 0.264062 0.079687 0.078125
0 0.535156 0.443750 0.073438 0.075000
0 0.600781 0.359375 0.045312 0.043750
0 0.658594 0.257031 0.032813 0.032813
0 0.734375 0.271094 0.037500 0.035937
0 0.821094 0.271875 0.039062 0.037500
0 0.722656 0.548438 0.051562 0.050000
0 0.892188 0.546875 0.031250 0.028125
0 0.760938 0.646094 0.034375 0.042188
0 0.484375 0.817969 0.065625 0.064062
0 0.336719 0.863281 0.067187 0.067187
0 0.777344 0.951562 0.054688 0.053125
0 0.261719 0.850781 0.026562 0.026562
0 0.192188 0.706250 0.037500 0.037500
0 0.303125 0.541406 0.050000 0.048438
0 0.175000 0.497656 0.037500 0.039062
0 0.150000 0.364844 0.031250 0.029687
0 0.165625 0.289062 0.037500 0.034375
0 0.016406 0.394531 0.032813 0.035937
0 0.025781 0.269531 0.048438 0.048438