0 0.421875 0.121875 0.093750 0.081250
0 0.215625 0.185156 0.068750 0.070312
0 0.336719 0.264062 0.070312 0.087500
0 0.535156 0.443750 0.104688 0.043750
0 0.601562 0.359375 0.040625 0.050000
0 0.659375 0.257031 0.028125 0.039062
0 0.735156 0.271094 0.032813 0.042188
0 0.821875 0.271875 0.050000 0.028125
0 0.722656 0.548438 0.051562 0.050000
0 0.892188 0.546875 0.025000 0.034375
0 0.761719 0.646094 0.032813 0.042188
0 0.485156 0.817969 0.064062 0.067187
0 0.336719 0.863281 0.076563 0.057813
0 0.777344 0.951562 0.051562 0.056250
0 0.261719 0.851562 0.029687 0.025000
0 0.192969 0.706250 0.032813 0.040625
0 0.303125 0.541406 0.053125 0.045312
0 0.175000 0.497656 0.043750 0.032813
0 0.149219 0.364844 0.023438 0.039062
0 0.165625 0.289062 0.037500 0.034375
0 0.014063 0.396094 0.028125 0.045312
0 0.025781 0.269531 0.051562 0.045312