0 0.210156 0.720313 0.073438 0.037500
0 0.275781 0.639062 0.054688 0.043750
0 0.339844 0.639062 0.032813 0.046875
0 0.521094 0.607031 0.073438 0.064062
0 0.078125 0.431250 0.053125 0.053125
0 0.457031 0.286719 0.064062 0.060937
0 0.335156 0.356250 0.045312 0.046875
0 0.461719 0.027344 0.051562 0.054688
0 0.047656 0.248438 0.067187 0.118750
0 0.025781 0.344531 0.051562 0.070312
0 0.174219 0.253125 0.035937 0.068750
0 0.838281 0.331250 0.054688 0.078125
0 0.807813 0.125000 0.046875 0.056250
0 0.532813 0.908594 0.043750 0.045312