0 0.361719 0.461719 0.048438 0.048438
0 0.251563 0.368750 0.037500 0.040625
0 0.174219 0.435156 0.048438 0.048438
0 0.509375 0.764844 0.071875 0.051562
0 0.616406 0.553906 0.023438 0.023438
0 0.683594 0.525781 0.026562 0.045312
0 0.800000 0.560937 0.031250 0.031250
0 0.829688 0.459375 0.053125 0.037500
0 0.763281 0.250781 0.048438 0.048438
0 0.985938 0.029687 0.028125 0.034375
0 0.860156 0.210938 0.060937 0.062500
0 0.144531 0.886719 0.054688 0.054688
0 0.202344 0.833594 0.051562 0.051562
0 0.490625 0.917188 0.034375 0.031250
0 0.307031 0.914844 0.029687 0.029687
0 0.406250 0.790625 0.034375 0.034375