0 0.362500 0.462500 0.040625 0.056250
0 0.252344 0.369531 0.032813 0.045312
0 0.175000 0.435937 0.040625 0.056250
0 0.509375 0.764844 0.071875 0.051562
0 0.616406 0.554688 0.023438 0.025000
0 0.683594 0.525781 0.026562 0.045312
0 0.800000 0.560937 0.021875 0.043750
0 0.829688 0.459375 0.053125 0.037500
0 0.763281 0.251563 0.051562 0.046875
0 0.989062 0.031250 0.021875 0.046875
0 0.860156 0.210938 0.070312 0.053125
0 0.144531 0.886719 0.039062 0.070312
0 0.202344 0.833594 0.054688 0.048438
0 0.490625 0.917188 0.037500 0.028125
0 0.307031 0.915625 0.026562 0.031250
0 0.406250 0.791406 0.025000 0.045312