0 0.189844 0.321094 0.051562 0.045312
0 0.261719 0.256250 0.045312 0.028125
0 0.265625 0.385156 0.075000 0.042188
0 0.253906 0.514844 0.032813 0.035937
0 0.053125 0.654687 0.040625 0.034375
0 0.016406 0.799219 0.032813 0.082812
0 0.323437 0.712500 0.040625 0.071875
0 0.170313 0.879687 0.053125 0.075000
0 0.774219 0.507812 0.082812 0.071875
0 0.930469 0.457031 0.035937 0.070312
0 0.940625 0.597656 0.084375 0.064062
0 0.663281 0.925781 0.092188 0.045312
0 0.644531 0.199219 0.045312 0.039062
0 0.701562 0.340625 0.028125 0.028125
0 0.469531 0.095312 0.014063 0.028125
0 0.975000 0.040625 0.028125 0.040625
0 0.889844 0.182031 0.029687 0.067187
0 0.927344 0.236719 0.029687 0.039062
0 0.374219 0.807813 0.039062 0.037500
0 0.456250 0.690625 0.021875 0.046875
0 0.479687 0.575000 0.040625 0.028125