0 0.189844 0.321094 0.048438 0.048438
0 0.261719 0.256250 0.045312 0.028125
0 0.265625 0.385156 0.059375 0.057813
0 0.254688 0.515625 0.034375 0.034375
0 0.053125 0.654687 0.040625 0.034375
0 0.022656 0.799219 0.045312 0.057813
0 0.323437 0.712500 0.056250 0.056250
0 0.170313 0.879687 0.053125 0.075000
0 0.773438 0.507812 0.078125 0.078125
0 0.930469 0.457031 0.051562 0.051562
0 0.940625 0.597656 0.084375 0.064062
0 0.662500 0.925781 0.093750 0.045312
0 0.643750 0.199219 0.043750 0.039062
0 0.701562 0.340625 0.028125 0.028125
0 0.469531 0.095312 0.020313 0.021875
0 0.975000 0.040625 0.028125 0.040625
0 0.889844 0.182031 0.029687 0.067187
0 0.927344 0.236719 0.035937 0.032813
0 0.374219 0.807813 0.039062 0.037500
0 0.456250 0.690625 0.021875 0.046875
0 0.479687 0.575000 0.034375 0.034375