0 0.103906 0.138281 0.042188 0.039062
0 0.191406 0.287500 0.064062 0.056250
0 0.739062 0.243750 0.050000 0.031250
0 0.214844 0.541406 0.101562 0.067187
0 0.255469 0.592969 0.073438 0.054688
0 0.594531 0.725781 0.067187 0.048438
0 0.628125 0.494531 0.043750 0.045312
0 0.275781 0.745313 0.045312 0.043750
0 0.200000 0.781250 0.040625 0.028125
0 0.234375 0.834375 0.037500 0.031250
0 0.325000 0.877344 0.037500 0.045312
0 0.764844 0.567187 0.045312 0.043750
0 0.546875 0.031250 0.046875 0.062500
0 0.509375 0.071094 0.040625 0.039062
0 0.637500 0.043750 0.037500 0.043750