0 0.500000 0.014063 0.025000 0.025000
0 0.460938 0.018750 0.040625 0.031250
0 0.420312 0.032813 0.025000 0.025000
0 0.690625 0.061719 0.040625 0.029687
0 0.387500 0.116406 0.112500 0.114062
0 0.488281 0.133594 0.029687 0.029687
0 0.346875 0.171875 0.021875 0.021875
0 0.584375 0.174219 0.018750 0.017188
0 0.320312 0.221094 0.028125 0.029687
0 0.478125 0.225000 0.040625 0.028125
0 0.760938 0.253906 0.018750 0.020313
0 0.653906 0.259375 0.073438 0.075000
0 0.500000 0.300000 0.043750 0.046875
0 0.178906 0.300781 0.017188 0.017188
0 0.192188 0.305469 0.018750 0.017188
0 0.323437 0.318750 0.025000 0.028125
0 0.164844 0.323437 0.042188 0.043750
0 0.282031 0.328125 0.035937 0.034375
0 0.078125 0.329688 0.021875 0.021875
0 0.821094 0.340625 0.023438 0.021875
0 0.786719 0.346094 0.023438 0.023438
0 0.267969 0.359375 0.039062 0.037500
0 0.776563 0.385156 0.053125 0.054688
0 0.194531 0.400781 0.057813 0.054688
0 0.096094 0.443750 0.035937 0.034375
0 0.775000 0.469531 0.028125 0.023438
0 0.239063 0.489844 0.034375 0.035937
0 0.956250 0.505469 0.087500 0.054688
0 0.346875 0.553906 0.056250 0.039062
0 0.185938 0.564063 0.021875 0.046875
0 0.792969 0.564844 0.032813 0.032813
0 0.135937 0.639062 0.056250 0.056250
0 0.800781 0.671875 0.023438 0.040625
0 0.414844 0.731250 0.023438 0.031250
0 0.527344 0.767188 0.026562 0.025000
0 0.156250 0.776563 0.031250 0.031250
0 0.025781 0.822656 0.048438 0.048438
0 0.582812 0.915625 0.037500 0.034375
0 0.532031 0.922656 0.026562 0.026562
0 0.420312 0.935937 0.028125 0.028125
0 0.985938 0.989844 0.028125 0.020313