0 0.401562 0.239063 0.028125 0.075000
0 0.284375 0.348438 0.065625 0.046875
0 0.535156 0.453906 0.035937 0.035937
0 0.763281 0.359375 0.054688 0.056250
0 0.846094 0.261719 0.057813 0.070312
0 0.738281 0.160938 0.042188 0.040625
0 0.596875 0.164062 0.043750 0.050000
0 0.764062 0.198437 0.034375 0.031250
0 0.450000 0.089844 0.028125 0.026562
0 0.204687 0.600000 0.065625 0.059375
0 0.193750 0.721094 0.068750 0.054688
0 0.360156 0.812500 0.085938 0.056250
0 0.246094 0.860938 0.054688 0.053125
0 0.927344 0.627344 0.039062 0.039062
0 0.928125 0.718750 0.040625 0.040625
0 0.541406 0.836719 0.035937 0.032813
0 0.182812 0.436719 0.034375 0.029687
0 0.111719 0.672656 0.039062 0.039062
0 0.387500 0.575000 0.031250 0.031250