0 0.186719 0.572656 0.076563 0.076563
0 0.273438 0.606250 0.059375 0.046875
0 0.262500 0.696875 0.059375 0.059375
0 0.514062 0.460938 0.037500 0.031250
0 0.034375 0.185156 0.053125 0.051562
0 0.660937 0.613281 0.050000 0.051562
0 0.677344 0.587500 0.042188 0.056250
0 0.755469 0.658594 0.054688 0.054688
0 0.864062 0.821875 0.084375 0.056250
0 0.172656 0.842969 0.051562 0.054688
0 0.285938 0.990625 0.025000 0.018750
0 0.096875 0.056250 0.043750 0.043750
0 0.614844 0.196875 0.032813 0.031250
0 0.346094 0.079687 0.042188 0.028125