0 0.185938 0.571875 0.096875 0.056250
0 0.273438 0.606250 0.053125 0.053125
0 0.262500 0.696875 0.068750 0.050000
0 0.514062 0.460938 0.034375 0.034375
0 0.034375 0.185156 0.053125 0.051562
0 0.660937 0.613281 0.046875 0.054688
0 0.677344 0.587500 0.042188 0.056250
0 0.755469 0.658594 0.054688 0.054688
0 0.864062 0.821094 0.068750 0.070312
0 0.172656 0.842969 0.051562 0.054688
0 0.286719 0.994531 0.039062 0.010937
0 0.096875 0.056250 0.037500 0.050000
0 0.614844 0.196875 0.035937 0.028125
0 0.346094 0.079687 0.035937 0.034375