0 0.784375 0.074219 0.053125 0.048438
0 0.431250 0.078906 0.037500 0.045312
0 0.917188 0.106250 0.056250 0.081250
0 0.198437 0.110937 0.050000 0.050000
0 0.270313 0.161719 0.040625 0.042188
0 0.263281 0.217188 0.039062 0.037500
0 0.975781 0.239844 0.048438 0.045312
0 0.575000 0.249219 0.046875 0.048438
0 0.141406 0.253906 0.060937 0.060937
0 0.887500 0.350781 0.053125 0.051562
0 0.796094 0.369531 0.067187 0.067187
0 0.383594 0.389844 0.085938 0.085938
0 0.837500 0.507812 0.059375 0.059375
0 0.135156 0.574219 0.051562 0.051562
0 0.426563 0.678906 0.040625 0.042188
0 0.184375 0.809375 0.043750 0.043750
0 0.289062 0.864062 0.050000 0.050000