0 0.784375 0.074219 0.053125 0.048438
0 0.431250 0.078906 0.037500 0.045312
0 0.917188 0.106250 0.056250 0.081250
0 0.197656 0.110156 0.054688 0.045312
0 0.270313 0.161719 0.046875 0.035937
0 0.263281 0.217188 0.032813 0.043750
0 0.975781 0.239844 0.048438 0.045312
0 0.575000 0.249219 0.040625 0.054688
0 0.140625 0.254688 0.050000 0.071875
0 0.887500 0.350781 0.050000 0.054688
0 0.796094 0.369531 0.067187 0.070312
0 0.383594 0.390625 0.085938 0.087500
0 0.838281 0.507812 0.054688 0.062500
0 0.135156 0.575000 0.057813 0.046875
0 0.426563 0.678906 0.037500 0.045312
0 0.184375 0.810156 0.050000 0.035937
0 0.289062 0.864062 0.056250 0.043750