0 0.708594 0.064844 0.054688 0.054688
0 0.369531 0.075000 0.048438 0.046875
0 0.535156 0.197656 0.054688 0.054688
0 0.330469 0.235937 0.048438 0.046875
0 0.098437 0.290625 0.037500 0.037500
0 0.894531 0.299219 0.048438 0.048438
0 0.265625 0.378125 0.037500 0.040625
0 0.689063 0.396875 0.062500 0.062500
0 0.030469 0.399219 0.042188 0.042188
0 0.542969 0.450781 0.042188 0.039062
0 0.860156 0.453125 0.048438 0.046875
0 0.321094 0.497656 0.045312 0.045312
0 0.275000 0.771094 0.043750 0.057813
0 0.589063 0.796875 0.050000 0.046875
0 0.914844 0.938281 0.051562 0.070312
0 0.057031 0.967187 0.042188 0.046875