0 0.401562 0.064062 0.034375 0.037500
0 0.575000 0.120313 0.037500 0.037500
0 0.912500 0.184375 0.034375 0.034375
0 0.973437 0.286719 0.053125 0.051562
0 0.178906 0.292187 0.039062 0.037500
0 0.625000 0.315625 0.050000 0.050000
0 0.869531 0.315625 0.054688 0.056250
0 0.300781 0.318750 0.035937 0.037500
0 0.156250 0.414844 0.028125 0.042188
0 0.520312 0.484375 0.059375 0.075000
0 0.901563 0.492188 0.053125 0.053125
0 0.103125 0.592187 0.043750 0.043750
0 0.153906 0.639062 0.035937 0.037500
0 0.926562 0.989844 0.025000 0.020313