0 0.821094 0.046094 0.067187 0.067187
0 0.708594 0.034375 0.073438 0.068750
0 0.954688 0.146875 0.084375 0.084375
0 0.810156 0.209375 0.057813 0.059375
0 0.736719 0.392969 0.073438 0.073438
0 0.386719 0.017188 0.048438 0.034375
0 0.246094 0.104688 0.079687 0.096875
0 0.753125 0.493750 0.062500 0.062500
0 0.508594 0.821094 0.054688 0.054688
0 0.219531 0.692969 0.045312 0.045312
0 0.153906 0.740625 0.051562 0.050000
0 0.932813 0.378906 0.071875 0.042188
0 0.887500 0.500781 0.043750 0.042188
0 0.672656 0.421094 0.051562 0.051562
0 0.655469 0.271094 0.048438 0.048438
0 0.547656 0.110156 0.042188 0.042188
0 0.532031 0.012500 0.035937 0.025000
0 0.828125 0.789844 0.031250 0.032813
0 0.220312 0.943750 0.050000 0.046875
0 0.362500 0.482812 0.025000 0.018750
0 0.469531 0.597656 0.042188 0.035937
0 0.614844 0.525000 0.035937 0.043750
0 0.564063 0.409375 0.025000 0.025000
0 0.568750 0.376563 0.050000 0.050000
0 0.477344 0.356250 0.026562 0.028125
0 0.302344 0.369531 0.032813 0.035937
0 0.014063 0.359375 0.028125 0.050000
0 0.082812 0.215625 0.025000 0.025000