0 0.821094 0.046094 0.082812 0.051562
0 0.709375 0.033594 0.078125 0.067187
0 0.954688 0.146875 0.087500 0.081250
0 0.810156 0.209375 0.057813 0.059375
0 0.736719 0.392969 0.051562 0.095312
0 0.387500 0.010156 0.078125 0.020313
0 0.246094 0.104688 0.079687 0.096875
0 0.752344 0.492969 0.064062 0.060937
0 0.508594 0.821875 0.054688 0.056250
0 0.219531 0.693750 0.035937 0.056250
0 0.153125 0.740625 0.059375 0.043750
0 0.933594 0.378906 0.073438 0.042188
0 0.887500 0.500781 0.040625 0.045312
0 0.672656 0.421094 0.057813 0.045312
0 0.655469 0.271094 0.045312 0.051562
0 0.547656 0.110156 0.048438 0.035937
0 0.532813 0.007812 0.056250 0.015625
0 0.828125 0.789844 0.031250 0.032813
0 0.220312 0.943750 0.046875 0.050000
0 0.363281 0.482812 0.023438 0.018750
0 0.469531 0.597656 0.042188 0.035937
0 0.614844 0.525000 0.035937 0.043750
0 0.564063 0.409375 0.028125 0.021875
0 0.568750 0.376563 0.056250 0.043750
0 0.477344 0.357031 0.035937 0.020313
0 0.302344 0.369531 0.035937 0.032813
0 0.014063 0.359375 0.028125 0.050000
0 0.082812 0.215625 0.028125 0.021875