0 0.521094 0.015625 0.048438 0.031250
0 0.403906 0.078125 0.054688 0.046875
0 0.651563 0.125781 0.068750 0.048438
0 0.183594 0.276562 0.035937 0.050000
0 0.096875 0.319531 0.053125 0.045312
0 0.241406 0.350000 0.048438 0.046875
0 0.860156 0.396875 0.051562 0.056250
0 0.144531 0.428906 0.032813 0.048438
0 0.314844 0.453906 0.076563 0.067187
0 0.121094 0.510938 0.067187 0.068750
0 0.387500 0.635938 0.040625 0.046875
0 0.961719 0.687500 0.051562 0.040625
0 0.328125 0.703125 0.031250 0.046875
0 0.906250 0.785156 0.034375 0.045312