0 0.203906 0.028906 0.060937 0.057813
0 0.915625 0.092188 0.081250 0.081250
0 0.153125 0.099219 0.062500 0.064062
0 0.132812 0.314844 0.040625 0.042188
0 0.066406 0.343750 0.039062 0.037500
0 0.137500 0.363281 0.043750 0.051562
0 0.229687 0.379688 0.056250 0.056250
0 0.966406 0.423438 0.054688 0.056250
0 0.882812 0.539062 0.040625 0.050000
0 0.394531 0.553906 0.035937 0.051562
0 0.125000 0.633594 0.050000 0.045312
0 0.880469 0.654687 0.045312 0.056250
0 0.424219 0.657031 0.042188 0.060937
0 0.895312 0.726562 0.050000 0.050000
0 0.053125 0.857031 0.068750 0.067187
0 0.267969 0.957031 0.057813 0.057813