0 0.500000 0.067187 0.081250 0.065625
0 0.610156 0.114844 0.060937 0.060937
0 0.381250 0.142969 0.100000 0.082812
0 0.896094 0.182031 0.073438 0.073438
0 0.578125 0.220312 0.068750 0.071875
0 0.715625 0.230469 0.084375 0.082812
0 0.424219 0.295312 0.067187 0.065625
0 0.014063 0.350781 0.028125 0.076563
0 0.742969 0.354687 0.057813 0.059375
0 0.228906 0.378906 0.064062 0.064062
0 0.924219 0.407813 0.073438 0.075000
0 0.766406 0.475000 0.051562 0.050000
0 0.149219 0.528125 0.067187 0.065625
0 0.406250 0.538281 0.078125 0.070312
0 0.751563 0.625781 0.071875 0.073438
0 0.874219 0.748437 0.070312 0.071875
0 0.451562 0.789062 0.065625 0.093750
0 0.289062 0.839063 0.059375 0.065625
0 0.847656 0.949219 0.076563 0.076563