0 0.979688 0.007031 0.040625 0.014063
0 0.332031 0.023438 0.051562 0.028125
0 0.547656 0.072656 0.057813 0.045312
0 0.471094 0.085156 0.045312 0.064062
0 0.580469 0.163281 0.085938 0.070312
0 0.459375 0.178906 0.068750 0.064062
0 0.528125 0.189844 0.050000 0.032813
0 0.680469 0.222656 0.060937 0.064062
0 0.473438 0.234375 0.050000 0.040625
0 0.351562 0.323437 0.040625 0.040625
0 0.445312 0.331250 0.059375 0.046875
0 0.192969 0.378125 0.045312 0.040625
0 0.307812 0.413281 0.046875 0.051562
0 0.791406 0.421094 0.057813 0.070312
0 0.931250 0.457031 0.053125 0.051562
0 0.475000 0.549219 0.087500 0.070312
0 0.450000 0.723437 0.071875 0.087500
0 0.160938 0.789062 0.062500 0.050000
0 0.493750 0.809375 0.078125 0.071875