0 0.525000 0.032813 0.078125 0.065625
0 0.972656 0.045312 0.054688 0.081250
0 0.651563 0.059375 0.062500 0.056250
0 0.502344 0.100781 0.057813 0.057813
0 0.446875 0.117969 0.040625 0.035937
0 0.961719 0.222656 0.073438 0.045312
0 0.411719 0.230469 0.054688 0.060937
0 0.696875 0.249219 0.056250 0.054688
0 0.839063 0.290625 0.046875 0.046875
0 0.542969 0.313281 0.032813 0.042188
0 0.414844 0.375781 0.051562 0.035937
0 0.375000 0.424219 0.028125 0.051562
0 0.720313 0.553906 0.043750 0.064062
0 0.286719 0.568750 0.067187 0.071875
0 0.425000 0.571094 0.059375 0.098437
0 0.236719 0.603906 0.039062 0.060937
0 0.881250 0.612500 0.046875 0.056250
0 0.536719 0.636719 0.054688 0.039062
0 0.419531 0.685937 0.060937 0.040625
0 0.982031 0.690625 0.035937 0.106250
0 0.456250 0.740625 0.087500 0.065625
0 0.018750 0.810156 0.037500 0.048438
0 0.534375 0.823438 0.050000 0.056250
0 0.978125 0.876563 0.043750 0.081250