0 0.525000 0.032813 0.078125 0.065625
0 0.968750 0.044531 0.062500 0.067187
0 0.651563 0.059375 0.059375 0.059375
0 0.502344 0.100781 0.057813 0.057813
0 0.446875 0.117188 0.037500 0.037500
0 0.960938 0.222656 0.059375 0.057813
0 0.410938 0.230469 0.053125 0.060937
0 0.696875 0.249219 0.056250 0.054688
0 0.839063 0.290625 0.046875 0.046875
0 0.543750 0.313281 0.037500 0.039062
0 0.414844 0.375000 0.045312 0.043750
0 0.375000 0.423438 0.040625 0.040625
0 0.720313 0.553906 0.043750 0.064062
0 0.286719 0.568750 0.070312 0.068750
0 0.425000 0.571094 0.078125 0.079687
0 0.236719 0.603125 0.051562 0.050000
0 0.881250 0.613281 0.053125 0.051562
0 0.536719 0.636719 0.054688 0.039062
0 0.419531 0.685156 0.051562 0.051562
0 0.982031 0.690625 0.035937 0.106250
0 0.457031 0.740625 0.076563 0.075000
0 0.018750 0.810156 0.037500 0.048438
0 0.534375 0.823438 0.053125 0.053125
0 0.973437 0.876563 0.053125 0.062500