0 0.499219 0.060937 0.073438 0.053125
0 0.535156 0.146094 0.057813 0.048438
0 0.346094 0.161719 0.051562 0.051562
0 0.278125 0.171094 0.050000 0.048438
0 0.692187 0.215625 0.046875 0.040625
0 0.550000 0.233594 0.071875 0.085938
0 0.214844 0.264062 0.054688 0.056250
0 0.735938 0.294531 0.050000 0.054688
0 0.906250 0.296875 0.106250 0.059375
0 0.158594 0.346094 0.060937 0.051562
0 0.740625 0.371875 0.059375 0.075000
0 0.606250 0.552344 0.050000 0.060937
0 0.185156 0.589063 0.067187 0.081250
0 0.937500 0.663281 0.087500 0.067187
0 0.305469 0.665625 0.054688 0.040625
0 0.289062 0.717187 0.059375 0.062500
0 0.156250 0.743750 0.056250 0.053125
0 0.046875 0.828906 0.050000 0.051562
0 0.855469 0.875000 0.123438 0.087500
0 0.685937 0.885156 0.068750 0.064062