0 0.465625 0.032031 0.046875 0.048438
0 0.478906 0.107813 0.057813 0.040625
0 0.007031 0.110937 0.014063 0.043750
0 0.987500 0.167969 0.025000 0.035937
0 0.979688 0.225000 0.040625 0.043750
0 0.915625 0.226562 0.043750 0.046875
0 0.753906 0.318750 0.057813 0.043750
0 0.241406 0.425000 0.035937 0.037500
0 0.784375 0.428906 0.046875 0.045312
0 0.881250 0.459375 0.046875 0.040625
0 0.814844 0.515625 0.045312 0.043750
0 0.151562 0.549219 0.037500 0.039062
0 0.631250 0.549219 0.068750 0.070312
0 0.903906 0.561719 0.045312 0.045312
0 0.058594 0.563281 0.042188 0.042188
0 0.395313 0.617969 0.059375 0.045312
0 0.696875 0.690625 0.046875 0.046875
0 0.853125 0.723437 0.084375 0.053125
0 0.515625 0.792969 0.037500 0.039062
0 0.893750 0.880469 0.062500 0.064062