0 0.475000 0.061719 0.040625 0.045312
0 0.589844 0.252344 0.042188 0.035937
0 0.715625 0.271094 0.062500 0.051562
0 0.869531 0.295312 0.057813 0.065625
0 0.649219 0.357031 0.048438 0.064062
0 0.885938 0.379688 0.056250 0.053125
0 0.023438 0.494531 0.046875 0.067187
0 0.461719 0.550000 0.070312 0.046875
0 0.642188 0.564063 0.053125 0.062500
0 0.342187 0.612500 0.106250 0.078125
0 0.685156 0.702344 0.067187 0.092188
0 0.922656 0.823438 0.035937 0.040625
0 0.672656 0.853906 0.067187 0.092188
0 0.876563 0.854688 0.059375 0.068750
0 0.210156 0.864062 0.064062 0.056250
0 0.755469 0.909375 0.054688 0.068750
0 0.254688 0.922656 0.087500 0.064062
0 0.135156 0.951562 0.070312 0.071875