0 0.475000 0.060937 0.040625 0.046875
0 0.589844 0.252344 0.039062 0.039062
0 0.715625 0.271094 0.056250 0.057813
0 0.869531 0.295312 0.057813 0.065625
0 0.649219 0.357031 0.054688 0.054688
0 0.885938 0.379688 0.056250 0.053125
0 0.025781 0.493750 0.051562 0.056250
0 0.461719 0.549219 0.057813 0.057813
0 0.642188 0.564063 0.056250 0.059375
0 0.342187 0.612500 0.106250 0.078125
0 0.685156 0.702344 0.079687 0.079687
0 0.922656 0.822656 0.039062 0.039062
0 0.672656 0.853906 0.079687 0.079687
0 0.875781 0.854688 0.064062 0.065625
0 0.209375 0.864062 0.059375 0.059375
0 0.754687 0.909375 0.053125 0.068750
0 0.254688 0.922656 0.087500 0.064062
0 0.135156 0.951562 0.070312 0.071875