0 0.353125 0.031250 0.065625 0.062500
0 0.503906 0.105469 0.070312 0.070312
0 0.878906 0.239844 0.054688 0.054688
0 0.209375 0.248438 0.031250 0.046875
0 0.807031 0.294531 0.048438 0.048438
0 0.103125 0.305469 0.068750 0.054688
0 0.717969 0.328906 0.057813 0.057813
0 0.209375 0.353125 0.031250 0.053125
0 0.868750 0.354687 0.056250 0.056250
0 0.087500 0.395313 0.056250 0.050000
0 0.954688 0.395313 0.050000 0.050000
0 0.311719 0.397656 0.032813 0.032813
0 0.984375 0.412500 0.031250 0.037500
0 0.222656 0.423438 0.039062 0.037500
0 0.172656 0.438281 0.032813 0.032813
0 0.832031 0.474219 0.051562 0.054688
0 0.575000 0.514844 0.040625 0.039062
0 0.132812 0.568750 0.034375 0.071875
0 0.762500 0.587500 0.050000 0.050000
0 0.034375 0.636719 0.059375 0.060937
0 0.153906 0.648438 0.064062 0.062500
0 0.969531 0.674219 0.039062 0.039062
0 0.683594 0.692187 0.064062 0.059375
0 0.369531 0.732812 0.042188 0.040625
0 0.463281 0.742969 0.039062 0.039062
0 0.185156 0.812500 0.042188 0.043750
0 0.504687 0.907813 0.096875 0.065625
0 0.611719 0.925000 0.064062 0.062500