0 0.692969 0.071875 0.054688 0.043750
0 0.229687 0.082812 0.062500 0.062500
0 0.500000 0.089063 0.034375 0.031250
0 0.864062 0.139063 0.050000 0.059375
0 0.522656 0.156250 0.035937 0.028125
0 0.750000 0.187500 0.028125 0.028125
0 0.664844 0.203125 0.035937 0.028125
0 0.142187 0.267188 0.034375 0.034375
0 0.753906 0.271875 0.067187 0.081250
0 0.006250 0.312500 0.012500 0.040625
0 0.221875 0.364844 0.046875 0.048438
0 0.007031 0.464844 0.014063 0.048438
0 0.479687 0.493750 0.078125 0.096875
0 0.366406 0.517188 0.101562 0.100000
0 0.853125 0.546875 0.031250 0.040625
0 0.890625 0.586719 0.034375 0.032813
0 0.231250 0.650781 0.034375 0.032813
0 0.859375 0.664062 0.034375 0.031250
0 0.123438 0.725000 0.059375 0.059375
0 0.554688 0.748437 0.059375 0.056250
0 0.297656 0.781250 0.035937 0.034375
0 0.621094 0.843750 0.042188 0.040625