0 0.499219 0.011719 0.029687 0.023438
0 0.577344 0.020313 0.035937 0.040625
0 0.859375 0.045312 0.087500 0.059375
0 0.535156 0.086719 0.042188 0.042188
0 0.861719 0.285156 0.048438 0.048438
0 0.286719 0.320312 0.042188 0.040625
0 0.407813 0.345313 0.034375 0.046875
0 0.364844 0.438281 0.057813 0.057813
0 0.504687 0.469531 0.053125 0.051562
0 0.431250 0.492969 0.031250 0.032813
0 0.846094 0.517188 0.067187 0.068750
0 0.814063 0.560937 0.046875 0.043750
0 0.239063 0.625781 0.040625 0.039062
0 0.743750 0.627344 0.040625 0.039062
0 0.890625 0.657031 0.037500 0.042188
0 0.869531 0.740625 0.079687 0.065625
0 0.621094 0.836719 0.060937 0.060937
0 0.396094 0.838281 0.048438 0.045312
0 0.321875 0.980469 0.059375 0.039062