0 0.727344 0.020313 0.079687 0.040625
0 0.245312 0.238281 0.043750 0.042188
0 0.222656 0.439844 0.048438 0.048438
0 0.866406 0.449219 0.054688 0.054688
0 0.427344 0.523438 0.054688 0.059375
0 0.277344 0.535937 0.048438 0.046875
0 0.346094 0.576562 0.048438 0.046875
0 0.197656 0.597656 0.054688 0.054688
0 0.621094 0.661719 0.060937 0.070312
0 0.841406 0.666406 0.057813 0.042188
0 0.742969 0.778906 0.054688 0.054688
0 0.618750 0.782031 0.053125 0.051562
0 0.405469 0.894531 0.076563 0.076563
0 0.297656 0.941406 0.048438 0.048438