0 0.375000 0.021094 0.068750 0.042188
0 0.525000 0.023438 0.046875 0.046875
0 0.568750 0.072656 0.053125 0.051562
0 0.959375 0.118750 0.071875 0.118750
0 0.592187 0.135937 0.053125 0.053125
0 0.947656 0.379688 0.051562 0.050000
0 0.156250 0.468750 0.043750 0.043750
0 0.933594 0.518750 0.039062 0.062500
0 0.549219 0.599219 0.067187 0.067187
0 0.300000 0.610938 0.065625 0.065625
0 0.905469 0.663281 0.057813 0.054688
0 0.735938 0.709375 0.065625 0.065625
0 0.328906 0.852344 0.045312 0.045312
0 0.601562 0.881250 0.062500 0.059375