0 0.487500 0.022656 0.040625 0.035937
0 0.658594 0.166406 0.060937 0.057813
0 0.369531 0.221094 0.057813 0.067187
0 0.800781 0.414844 0.092188 0.123438
0 0.369531 0.464062 0.039062 0.037500
0 0.452344 0.464062 0.042188 0.043750
0 0.132031 0.506250 0.045312 0.040625
0 0.700000 0.535937 0.025000 0.037500
0 0.740625 0.556250 0.040625 0.034375
0 0.359375 0.673438 0.031250 0.046875
0 0.656250 0.679688 0.040625 0.037500
0 0.871875 0.890625 0.056250 0.068750
0 0.928906 0.972656 0.042188 0.045312
0 0.898438 0.985156 0.028125 0.029687