0 0.564844 0.012500 0.064062 0.025000
0 0.812500 0.028906 0.043750 0.051562
0 0.511719 0.100000 0.057813 0.046875
0 0.649219 0.117188 0.057813 0.053125
0 0.986719 0.125781 0.026562 0.045312
0 0.888281 0.136719 0.060937 0.048438
0 0.988281 0.204687 0.023438 0.050000
0 0.639844 0.247656 0.060937 0.076563
0 0.592187 0.379688 0.037500 0.059375
0 0.257031 0.386719 0.064062 0.048438
0 0.008594 0.419531 0.017188 0.051562
0 0.498437 0.492969 0.078125 0.060937
0 0.637500 0.564844 0.037500 0.042188
0 0.260156 0.595313 0.073438 0.056250
0 0.727344 0.595313 0.057813 0.056250
0 0.855469 0.664062 0.039062 0.043750
0 0.528125 0.735938 0.068750 0.078125
0 0.915625 0.759375 0.040625 0.050000
0 0.651563 0.910937 0.096875 0.096875
0 0.910156 0.916406 0.039062 0.060937
0 0.906250 0.985156 0.040625 0.029687