0 0.564844 0.012500 0.064062 0.025000
0 0.812500 0.028125 0.046875 0.046875
0 0.511719 0.100000 0.051562 0.053125
0 0.649219 0.117188 0.054688 0.056250
0 0.984375 0.125781 0.031250 0.035937
0 0.888281 0.136719 0.060937 0.048438
0 0.984375 0.203906 0.031250 0.035937
0 0.639844 0.246875 0.067187 0.068750
0 0.592187 0.379688 0.050000 0.046875
0 0.257812 0.386719 0.056250 0.057813
0 0.008594 0.418750 0.017188 0.050000
0 0.498437 0.492969 0.068750 0.070312
0 0.637500 0.564844 0.037500 0.042188
0 0.259375 0.595313 0.065625 0.065625
0 0.727344 0.594531 0.057813 0.057813
0 0.855469 0.664062 0.042188 0.040625
0 0.528125 0.735938 0.068750 0.078125
0 0.916406 0.759375 0.045312 0.043750
0 0.651563 0.910937 0.096875 0.096875
0 0.910156 0.915625 0.039062 0.062500
0 0.906250 0.985156 0.040625 0.029687