0 0.673438 0.013281 0.040625 0.026562
0 0.585156 0.025000 0.045312 0.050000
0 0.177344 0.028125 0.042188 0.037500
0 0.525781 0.035156 0.051562 0.070312
0 0.235156 0.135937 0.032813 0.034375
0 0.032031 0.196094 0.054688 0.045312
0 0.177344 0.239063 0.048438 0.040625
0 0.544531 0.392188 0.045312 0.056250
0 0.382812 0.425781 0.068750 0.070312
0 0.045312 0.460938 0.090625 0.121875
0 0.789062 0.600781 0.050000 0.064062
0 0.242969 0.649219 0.045312 0.054688
0 0.683594 0.842187 0.054688 0.056250
0 0.589844 0.856250 0.076563 0.040625