0 0.672656 0.014844 0.032813 0.029687
0 0.584375 0.025000 0.046875 0.046875
0 0.177344 0.028125 0.039062 0.040625
0 0.525781 0.035156 0.060937 0.060937
0 0.234375 0.135937 0.034375 0.031250
0 0.032031 0.195312 0.054688 0.046875
0 0.177344 0.238281 0.045312 0.045312
0 0.543750 0.392188 0.050000 0.050000
0 0.382812 0.425781 0.068750 0.070312
0 0.048438 0.460156 0.096875 0.104688
0 0.789062 0.600781 0.050000 0.064062
0 0.243750 0.649219 0.050000 0.048438
0 0.683594 0.841406 0.054688 0.054688
0 0.589844 0.856250 0.057813 0.059375