0 0.757031 0.059375 0.026562 0.025000
0 0.527344 0.079687 0.045312 0.043750
0 0.489844 0.148438 0.054688 0.053125
0 0.771875 0.169531 0.040625 0.029687
0 0.282031 0.214844 0.054688 0.054688
0 0.450000 0.407031 0.050000 0.048438
0 0.119531 0.464844 0.032813 0.032813
0 0.671875 0.523438 0.050000 0.050000
0 0.907813 0.541406 0.068750 0.070312
0 0.559375 0.592969 0.071875 0.070312
0 0.290625 0.600781 0.028125 0.029687
0 0.811719 0.687500 0.032813 0.034375
0 0.882812 0.710938 0.031250 0.040625
0 0.332031 0.778906 0.029687 0.029687
0 0.296094 0.815625 0.023438 0.021875
0 0.952344 0.845313 0.048438 0.050000
0 0.360938 0.868750 0.021875 0.021875