0 0.757031 0.059375 0.017188 0.034375
0 0.527344 0.079687 0.045312 0.043750
0 0.489063 0.148438 0.050000 0.059375
0 0.771875 0.169531 0.040625 0.029687
0 0.282031 0.214844 0.048438 0.060937
0 0.450000 0.407031 0.050000 0.048438
0 0.119531 0.465625 0.035937 0.031250
0 0.672656 0.523438 0.045312 0.056250
0 0.907813 0.541406 0.081250 0.057813
0 0.559375 0.592187 0.084375 0.056250
0 0.290625 0.600781 0.025000 0.032813
0 0.811719 0.687500 0.035937 0.031250
0 0.882812 0.710938 0.031250 0.040625
0 0.332031 0.779687 0.032813 0.025000
0 0.296875 0.815625 0.018750 0.028125
0 0.952344 0.845313 0.048438 0.050000
0 0.360938 0.868750 0.018750 0.025000