0 0.446094 0.003125 0.017188 0.006250
0 0.484375 0.017188 0.031250 0.025000
0 0.538281 0.018750 0.032813 0.028125
0 0.492969 0.082812 0.032813 0.040625
0 0.656250 0.126562 0.037500 0.031250
0 0.747656 0.318750 0.045312 0.059375
0 0.546094 0.361719 0.045312 0.048438
0 0.546094 0.471875 0.045312 0.059375
0 0.022656 0.478906 0.029687 0.045312
0 0.878906 0.492188 0.042188 0.040625
0 0.110156 0.618750 0.029687 0.034375
0 0.696875 0.732812 0.062500 0.081250
0 0.553125 0.745313 0.059375 0.037500
0 0.362500 0.766406 0.056250 0.064062
0 0.106250 0.771875 0.068750 0.046875
0 0.129688 0.912500 0.050000 0.031250
0 0.181250 0.939063 0.025000 0.015625
0 0.064844 0.941406 0.023438 0.035937
0 0.493750 0.946094 0.050000 0.060937
0 0.314063 0.990625 0.059375 0.018750
0 0.695312 0.996094 0.040625 0.007812