0 0.580469 0.009375 0.039062 0.018750
0 0.357812 0.139063 0.037500 0.031250
0 0.973437 0.187500 0.053125 0.046875
0 0.389844 0.209375 0.035937 0.031250
0 0.917969 0.299219 0.023438 0.035937
0 0.759375 0.303125 0.031250 0.021875
0 0.101562 0.323437 0.028125 0.040625
0 0.642969 0.407031 0.014063 0.023438
0 0.660156 0.453125 0.020313 0.028125
0 0.814844 0.489844 0.054688 0.057813
0 0.114062 0.531250 0.028125 0.037500
0 0.944531 0.549219 0.045312 0.045312
0 0.694531 0.556250 0.060937 0.056250
0 0.305469 0.564063 0.039062 0.046875
0 0.592187 0.654687 0.068750 0.031250
0 0.961719 0.714063 0.042188 0.046875
0 0.236719 0.720313 0.045312 0.034375
0 0.103906 0.740625 0.032813 0.037500
0 0.202344 0.767188 0.054688 0.040625