0 0.562500 0.009375 0.028125 0.018750
0 0.355469 0.025781 0.067187 0.051562
0 0.957031 0.167187 0.051562 0.040625
0 0.704688 0.205469 0.025000 0.035937
0 0.668750 0.236719 0.028125 0.032813
0 0.041406 0.249219 0.054688 0.054688
0 0.603906 0.320312 0.039062 0.043750
0 0.163281 0.354687 0.039062 0.059375
0 0.672656 0.372656 0.032813 0.035937
0 0.628906 0.404687 0.026562 0.031250
0 0.852344 0.441406 0.054688 0.064062
0 0.791406 0.454688 0.039062 0.034375
0 0.841406 0.613281 0.042188 0.057813
0 0.146875 0.616406 0.053125 0.045312
0 0.538281 0.696875 0.032813 0.050000