0 0.562500 0.009375 0.028125 0.018750
0 0.354687 0.027344 0.059375 0.054688
0 0.957031 0.167187 0.051562 0.040625
0 0.704688 0.204687 0.031250 0.031250
0 0.667969 0.236719 0.029687 0.029687
0 0.041406 0.249219 0.054688 0.054688
0 0.603906 0.320312 0.039062 0.043750
0 0.163281 0.354687 0.039062 0.059375
0 0.673438 0.373437 0.034375 0.034375
0 0.628906 0.404687 0.026562 0.031250
0 0.851562 0.441406 0.053125 0.064062
0 0.791406 0.454688 0.039062 0.034375
0 0.841406 0.613281 0.051562 0.051562
0 0.146875 0.615625 0.046875 0.050000
0 0.538281 0.696875 0.032813 0.050000