0 0.435937 0.010156 0.068750 0.020313
0 0.828906 0.035937 0.054688 0.053125
0 0.428906 0.057813 0.051562 0.056250
0 0.492969 0.090625 0.048438 0.050000
0 0.582031 0.158594 0.048438 0.048438
0 0.407031 0.289062 0.051562 0.050000
0 0.291406 0.344531 0.042188 0.042188
0 0.637500 0.364063 0.037500 0.037500
0 0.582812 0.378906 0.037500 0.060937
0 0.927344 0.507031 0.035937 0.035937
0 0.283594 0.533594 0.042188 0.042188
0 0.117188 0.600000 0.090625 0.084375
0 0.225000 0.600781 0.056250 0.057813
0 0.200000 0.651563 0.043750 0.043750
0 0.900000 0.730469 0.081250 0.082812
0 0.699219 0.745313 0.057813 0.053125
0 0.766406 0.751563 0.045312 0.046875
0 0.251563 0.900781 0.040625 0.039062
0 0.071094 0.935937 0.042188 0.037500
0 0.805469 0.942969 0.048438 0.064062
0 0.182812 0.946875 0.071875 0.065625
0 0.233594 0.984375 0.042188 0.031250