0 0.488281 0.017188 0.089063 0.034375
0 0.412500 0.074219 0.071875 0.045312
0 0.554688 0.075000 0.071875 0.081250
0 0.644531 0.082812 0.064062 0.071875
0 0.383594 0.153906 0.060937 0.070312
0 0.511719 0.159375 0.182812 0.071875
0 0.697656 0.264844 0.020313 0.045312
0 0.390625 0.269531 0.037500 0.048438
0 0.556250 0.282031 0.078125 0.079687
0 0.450000 0.310156 0.059375 0.082812
0 0.753906 0.569531 0.039062 0.045312
0 0.766406 0.718750 0.032813 0.040625
0 0.305469 0.748437 0.076563 0.081250
0 0.057031 0.779687 0.114062 0.096875
0 0.639062 0.779687 0.068750 0.062500
0 0.415625 0.787500 0.050000 0.040625
0 0.016406 0.867188 0.032813 0.053125
0 0.373437 0.943750 0.096875 0.059375