0 0.022656 0.018750 0.042188 0.037500
0 0.170313 0.060937 0.059375 0.046875
0 0.960938 0.209375 0.075000 0.075000
0 0.398438 0.217188 0.037500 0.056250
0 0.317188 0.263281 0.078125 0.079687
0 0.775000 0.331250 0.043750 0.043750
0 0.425000 0.348438 0.109375 0.109375
0 0.662500 0.435156 0.050000 0.064062
0 0.795312 0.436719 0.046875 0.045312
0 0.298438 0.477344 0.087500 0.085938
0 0.357031 0.478906 0.064062 0.064062
0 0.975000 0.521094 0.050000 0.067187
0 0.487500 0.535937 0.087500 0.075000
0 0.272656 0.562500 0.060937 0.059375
0 0.795312 0.572656 0.084375 0.082812
0 0.715625 0.672656 0.062500 0.064062
0 0.298438 0.751563 0.087500 0.068750
0 0.457031 0.807813 0.057813 0.059375
0 0.757031 0.825000 0.101562 0.103125
0 0.905469 0.860938 0.060937 0.081250
0 0.965625 0.882031 0.043750 0.042188
0 0.516406 0.892188 0.073438 0.071875
0 0.261719 0.915625 0.073438 0.100000
0 0.156250 0.980469 0.053125 0.039062