0 0.023438 0.017969 0.046875 0.035937
0 0.170313 0.061719 0.059375 0.045312
0 0.960938 0.209375 0.078125 0.071875
0 0.398438 0.217188 0.037500 0.056250
0 0.317188 0.263281 0.081250 0.076563
0 0.775000 0.331250 0.046875 0.037500
0 0.425781 0.348438 0.082812 0.134375
0 0.662500 0.435156 0.050000 0.064062
0 0.795312 0.436719 0.050000 0.042188
0 0.298438 0.477344 0.081250 0.092188
0 0.357031 0.478906 0.064062 0.064062
0 0.984375 0.521875 0.031250 0.103125
0 0.487500 0.535937 0.087500 0.075000
0 0.272656 0.561719 0.051562 0.067187
0 0.796094 0.572656 0.073438 0.095312
0 0.715625 0.672656 0.062500 0.064062
0 0.298438 0.751563 0.087500 0.068750
0 0.457031 0.807813 0.051562 0.065625
0 0.756250 0.825781 0.128125 0.076563
0 0.905469 0.860938 0.060937 0.081250
0 0.965625 0.882031 0.025000 0.060937
0 0.516406 0.892969 0.067187 0.076563
0 0.261719 0.915625 0.073438 0.100000
0 0.157031 0.988281 0.082812 0.023438