0 0.648438 0.013281 0.090625 0.026562
0 0.234375 0.041406 0.040625 0.042188
0 0.467969 0.061719 0.073438 0.123438
0 0.690625 0.081250 0.068750 0.068750
0 0.935156 0.341406 0.120313 0.120313
0 0.656250 0.414062 0.065625 0.065625
0 0.461719 0.463281 0.054688 0.054688
0 0.748437 0.500000 0.081250 0.078125
0 0.981250 0.521875 0.037500 0.050000
0 0.039062 0.551562 0.078125 0.118750
0 0.594531 0.558594 0.051562 0.064062
0 0.188281 0.597656 0.042188 0.042188
0 0.961719 0.678125 0.076563 0.093750
0 0.253125 0.689844 0.056250 0.057813
0 0.814063 0.756250 0.068750 0.065625
0 0.172656 0.781250 0.067187 0.106250
0 0.278125 0.918750 0.143750 0.128125