0 0.488281 0.017188 0.089063 0.034375
0 0.412500 0.074219 0.071875 0.045312
0 0.554688 0.074219 0.075000 0.076563
0 0.643750 0.083594 0.068750 0.067187
0 0.383594 0.153906 0.067187 0.064062
0 0.510938 0.159375 0.128125 0.128125
0 0.697656 0.264844 0.020313 0.045312
0 0.390625 0.269531 0.043750 0.042188
0 0.555469 0.282031 0.079687 0.079687
0 0.449219 0.309375 0.070312 0.071875
0 0.753906 0.568750 0.039062 0.043750
0 0.765625 0.718750 0.031250 0.040625
0 0.305469 0.748437 0.079687 0.078125
0 0.057031 0.778906 0.104688 0.104688
0 0.639062 0.779687 0.068750 0.062500
0 0.416406 0.786719 0.045312 0.045312
0 0.018750 0.866406 0.037500 0.042188
0 0.373437 0.943750 0.078125 0.078125