0 0.569531 0.136719 0.132812 0.132812
0 0.437500 0.156250 0.043750 0.056250
0 0.427344 0.299219 0.126562 0.139063
0 0.875000 0.471875 0.128125 0.103125
0 0.587500 0.534375 0.065625 0.056250
0 0.006250 0.582812 0.012500 0.065625
0 0.346094 0.595313 0.079687 0.081250
0 0.796875 0.625781 0.112500 0.110937
0 0.354687 0.731250 0.065625 0.065625
0 0.493750 0.867188 0.050000 0.050000
0 0.025000 0.886719 0.050000 0.060937
0 0.328125 0.899219 0.046875 0.045312
0 0.240625 0.971875 0.059375 0.056250
0 0.312500 0.977344 0.059375 0.045312