0 0.455469 0.053906 0.132812 0.107813
0 0.672656 0.060937 0.042188 0.046875
0 0.770312 0.078906 0.065625 0.064062
0 0.263281 0.112500 0.042188 0.068750
0 0.606250 0.120313 0.059375 0.059375
0 0.792969 0.197656 0.048438 0.048438
0 0.656250 0.210938 0.081250 0.081250
0 0.479687 0.225781 0.078125 0.079687
0 0.984375 0.263281 0.031250 0.054688
0 0.545312 0.351562 0.062500 0.059375
0 0.915625 0.361719 0.059375 0.054688
0 0.020313 0.373437 0.040625 0.053125
0 0.256250 0.384375 0.050000 0.050000
0 0.189062 0.389062 0.059375 0.059375
0 0.803125 0.620313 0.046875 0.100000
0 0.047656 0.732812 0.060937 0.040625
0 0.400781 0.776563 0.104688 0.103125
0 0.504687 0.876563 0.143750 0.143750
0 0.735156 0.982031 0.039062 0.035937