0 0.569531 0.136719 0.132812 0.132812
0 0.437500 0.156250 0.050000 0.050000
0 0.427344 0.299219 0.126562 0.139063
0 0.875000 0.471875 0.115625 0.115625
0 0.587500 0.533594 0.062500 0.060937
0 0.006250 0.582812 0.012500 0.065625
0 0.346094 0.595313 0.079687 0.081250
0 0.796875 0.625781 0.112500 0.110937
0 0.354687 0.731250 0.065625 0.065625
0 0.493750 0.867188 0.050000 0.050000
0 0.020313 0.887500 0.040625 0.081250
0 0.328125 0.899219 0.043750 0.048438
0 0.239844 0.971094 0.057813 0.057813
0 0.310937 0.975000 0.053125 0.050000