0 0.447656 0.092188 0.048438 0.040625
0 0.961719 0.099219 0.076563 0.089063
0 0.525000 0.102344 0.059375 0.051562
0 0.873437 0.209375 0.087500 0.062500
0 0.495312 0.249219 0.046875 0.054688
0 0.153906 0.274219 0.051562 0.057813
0 0.022656 0.300000 0.045312 0.065625
0 0.073438 0.363281 0.053125 0.051562
0 0.170313 0.371094 0.078125 0.089063
0 0.649219 0.382812 0.101562 0.171875
0 0.114844 0.448437 0.045312 0.065625
0 0.341406 0.496094 0.057813 0.092188
0 0.298438 0.589063 0.053125 0.053125
0 0.264844 0.682031 0.092188 0.064062
0 0.281250 0.726562 0.078125 0.040625
0 0.432812 0.900000 0.131250 0.115625
0 0.050000 0.945312 0.065625 0.068750