0 0.427344 0.018750 0.192188 0.037500
0 0.139844 0.018750 0.082812 0.037500
0 0.664844 0.018750 0.076563 0.037500
0 0.960938 0.045312 0.078125 0.071875
0 0.442969 0.128125 0.079687 0.100000
0 0.821875 0.135937 0.059375 0.037500
0 0.288281 0.214844 0.054688 0.073438
0 0.813281 0.249219 0.114062 0.085938
0 0.099219 0.313281 0.104688 0.092188
0 0.419531 0.413281 0.048438 0.064062
0 0.177344 0.609375 0.060937 0.040625
0 0.656250 0.609375 0.068750 0.062500
0 0.592187 0.746094 0.068750 0.054688
0 0.610156 0.879687 0.129688 0.118750
0 0.329688 0.992969 0.128125 0.014063