0 0.648438 0.013281 0.090625 0.026562
0 0.234375 0.040625 0.043750 0.040625
0 0.467969 0.061719 0.073438 0.123438
0 0.691406 0.081250 0.082812 0.053125
0 0.935156 0.341406 0.120313 0.120313
0 0.655469 0.413281 0.054688 0.076563
0 0.461719 0.463281 0.060937 0.048438
0 0.748437 0.500781 0.065625 0.092188
0 0.988281 0.522656 0.023438 0.079687
0 0.039062 0.551562 0.078125 0.118750
0 0.594531 0.558594 0.051562 0.064062
0 0.188281 0.597656 0.035937 0.048438
0 0.970313 0.678906 0.059375 0.126562
0 0.252344 0.689844 0.054688 0.057813
0 0.814063 0.756250 0.068750 0.065625
0 0.172656 0.781250 0.067187 0.106250
0 0.278125 0.918750 0.143750 0.128125