0 0.455469 0.053906 0.132812 0.107813
0 0.672656 0.060937 0.045312 0.043750
0 0.770312 0.078906 0.065625 0.064062
0 0.263281 0.113281 0.054688 0.054688
0 0.606250 0.120313 0.059375 0.059375
0 0.793750 0.196875 0.050000 0.046875
0 0.656250 0.210938 0.093750 0.065625
0 0.479687 0.225781 0.065625 0.092188
0 0.981250 0.262500 0.037500 0.043750
0 0.545312 0.351562 0.062500 0.059375
0 0.915625 0.361719 0.059375 0.054688
0 0.020313 0.373437 0.040625 0.053125
0 0.256250 0.384375 0.050000 0.050000
0 0.189062 0.389062 0.059375 0.059375
0 0.803125 0.620313 0.046875 0.100000
0 0.047656 0.732812 0.051562 0.050000
0 0.400781 0.776563 0.104688 0.103125
0 0.504687 0.876563 0.115625 0.171875
0 0.735938 0.985156 0.050000 0.029687