0 0.026562 0.024219 0.050000 0.048438
0 0.185156 0.071875 0.095312 0.093750
0 0.103125 0.141406 0.103125 0.101562
0 0.381250 0.143750 0.053125 0.053125
0 0.241406 0.227344 0.014063 0.014063
0 0.821094 0.231250 0.054688 0.056250
0 0.176563 0.286719 0.028125 0.029687
0 0.470313 0.310937 0.065625 0.053125
0 0.800000 0.318750 0.040625 0.040625
0 0.874219 0.328125 0.098437 0.096875
0 0.975000 0.327344 0.050000 0.057813
0 0.121094 0.376563 0.048438 0.046875
0 0.819531 0.378125 0.051562 0.040625
0 0.740625 0.450781 0.046875 0.045312
0 0.469531 0.502344 0.057813 0.057813
0 0.829688 0.543750 0.084375 0.084375
0 0.528125 0.792188 0.168750 0.168750
0 0.033594 0.889062 0.067187 0.071875
0 0.953906 0.907031 0.064062 0.110937