0 0.557813 0.025781 0.068750 0.051562
0 0.848437 0.022656 0.090625 0.045312
0 0.798438 0.104688 0.090625 0.087500
0 0.521094 0.153125 0.054688 0.056250
0 0.132812 0.292969 0.093750 0.092188
0 0.689844 0.307031 0.067187 0.067187
0 0.226562 0.451562 0.062500 0.062500
0 0.705469 0.577344 0.060937 0.060937
0 0.344531 0.620313 0.060937 0.062500
0 0.094531 0.632812 0.060937 0.087500
0 0.539062 0.651563 0.053125 0.053125
0 0.582812 0.653906 0.050000 0.048438
0 0.156250 0.781250 0.087500 0.084375
0 0.398438 0.822656 0.062500 0.064062
0 0.064062 0.850781 0.081250 0.082812
0 0.356250 0.897656 0.100000 0.110937
0 0.646094 0.897656 0.064062 0.064062
0 0.068750 0.966406 0.065625 0.064062
0 0.015625 0.990625 0.031250 0.018750