0 0.456250 0.042969 0.178125 0.085938
0 0.672656 0.061719 0.042188 0.045312
0 0.770312 0.079687 0.046875 0.081250
0 0.263281 0.113281 0.042188 0.067187
0 0.606250 0.120313 0.075000 0.043750
0 0.793750 0.196875 0.050000 0.046875
0 0.656250 0.211719 0.093750 0.067187
0 0.480469 0.225781 0.064062 0.092188
0 0.984375 0.263281 0.031250 0.054688
0 0.545312 0.351562 0.046875 0.075000
0 0.915625 0.361719 0.059375 0.054688
0 0.015625 0.374219 0.031250 0.073438
0 0.256250 0.384375 0.053125 0.050000
0 0.189062 0.389062 0.059375 0.059375
0 0.803125 0.620313 0.046875 0.100000
0 0.047656 0.732812 0.060937 0.040625
0 0.400781 0.776563 0.132812 0.075000
0 0.505469 0.876563 0.114062 0.171875
0 0.735938 0.985156 0.050000 0.029687