0 0.027344 0.023438 0.054688 0.046875
0 0.185156 0.071875 0.098437 0.090625
0 0.103906 0.142187 0.101562 0.103125
0 0.381250 0.143750 0.053125 0.053125
0 0.241406 0.227344 0.014063 0.014063
0 0.821094 0.231250 0.054688 0.056250
0 0.176563 0.286719 0.025000 0.032813
0 0.471094 0.311719 0.064062 0.051562
0 0.800000 0.319531 0.034375 0.045312
0 0.874219 0.328125 0.095312 0.100000
0 0.979688 0.328906 0.040625 0.076563
0 0.121094 0.376563 0.057813 0.037500
0 0.819531 0.378125 0.051562 0.040625
0 0.740625 0.450781 0.040625 0.051562
0 0.469531 0.502344 0.051562 0.064062
0 0.829688 0.543750 0.071875 0.100000
0 0.528906 0.792188 0.170313 0.168750
0 0.032813 0.889844 0.065625 0.076563
0 0.953906 0.907031 0.064062 0.110937