0 0.568750 0.135937 0.146875 0.118750
0 0.438281 0.156250 0.045312 0.056250
0 0.427344 0.299219 0.126562 0.139063
0 0.875000 0.471875 0.128125 0.103125
0 0.587500 0.534375 0.065625 0.056250
0 0.006250 0.582812 0.012500 0.065625
0 0.346094 0.595313 0.079687 0.081250
0 0.796094 0.625781 0.114062 0.110937
0 0.354687 0.732031 0.068750 0.060937
0 0.494531 0.867188 0.045312 0.056250
0 0.020313 0.887500 0.040625 0.081250
0 0.328906 0.899219 0.045312 0.048438
0 0.240625 0.971875 0.059375 0.056250
0 0.312500 0.977344 0.059375 0.045312