0 0.239063 0.079687 0.053125 0.075000
0 0.525781 0.085156 0.114062 0.129688
0 0.190625 0.346094 0.050000 0.054688
0 0.177344 0.439063 0.067187 0.065625
0 0.787500 0.487500 0.146875 0.165625
0 0.062500 0.492969 0.078125 0.070312
0 0.628125 0.569531 0.065625 0.070312
0 0.140625 0.648438 0.106250 0.096875
0 0.291406 0.653906 0.057813 0.064062
0 0.606250 0.653906 0.056250 0.045312
0 0.485156 0.688281 0.064062 0.067187
0 0.175000 0.762500 0.050000 0.071875
0 0.390625 0.777344 0.068750 0.051562
0 0.057813 0.786719 0.115625 0.148438
0 0.662500 0.904687 0.078125 0.065625
0 0.617188 0.989844 0.068750 0.020313