0 0.432812 0.066406 0.065625 0.051562
0 0.575781 0.085156 0.098437 0.089063
0 0.467969 0.092188 0.054688 0.053125
0 0.346094 0.186719 0.035937 0.039062
0 0.672656 0.190625 0.051562 0.056250
0 0.465625 0.349219 0.034375 0.039062
0 0.500000 0.374219 0.053125 0.039062
0 0.508594 0.442969 0.035937 0.026562
0 0.613281 0.477344 0.048438 0.048438
0 0.502344 0.576562 0.092188 0.090625
0 0.898438 0.582031 0.100000 0.120313
0 0.069531 0.723437 0.054688 0.059375
0 0.264062 0.795312 0.021875 0.021875
0 0.523438 0.918750 0.065625 0.065625
0 0.146094 0.923438 0.026562 0.025000
0 0.336719 0.945312 0.126562 0.109375