0 0.260937 0.015625 0.037500 0.031250
0 0.828125 0.086719 0.062500 0.060937
0 0.510938 0.178906 0.112500 0.110937
0 0.938281 0.182031 0.048438 0.048438
0 0.980469 0.253906 0.039062 0.060937
0 0.408594 0.266406 0.048438 0.048438
0 0.291406 0.303125 0.123438 0.121875
0 0.584375 0.337500 0.068750 0.081250
0 0.493750 0.402344 0.059375 0.060937
0 0.356250 0.423438 0.100000 0.053125
0 0.789062 0.432812 0.043750 0.043750
0 0.408594 0.507031 0.064062 0.064062
0 0.715625 0.575000 0.040625 0.031250
0 0.464844 0.600781 0.042188 0.039062
0 0.780469 0.639062 0.054688 0.056250
0 0.626563 0.668750 0.034375 0.034375
0 0.502344 0.760938 0.048438 0.090625
0 0.250000 0.853906 0.056250 0.054688
0 0.157812 0.982812 0.103125 0.034375