0 0.239063 0.079687 0.053125 0.075000
0 0.525781 0.085156 0.114062 0.129688
0 0.190625 0.346094 0.053125 0.051562
0 0.177344 0.439063 0.067187 0.065625
0 0.787500 0.487500 0.156250 0.156250
0 0.062500 0.492969 0.075000 0.073438
0 0.628125 0.569531 0.068750 0.067187
0 0.141406 0.649219 0.101562 0.101562
0 0.291406 0.653906 0.060937 0.060937
0 0.606250 0.653906 0.056250 0.045312
0 0.484375 0.687500 0.065625 0.065625
0 0.175000 0.762500 0.050000 0.071875
0 0.389844 0.776563 0.060937 0.059375
0 0.061719 0.785937 0.123438 0.131250
0 0.662500 0.904687 0.078125 0.065625
0 0.616406 0.983594 0.045312 0.032813