0 0.262500 0.012500 0.050000 0.025000
0 0.828125 0.086719 0.059375 0.064062
0 0.510938 0.178906 0.143750 0.079687
0 0.938281 0.182031 0.042188 0.054688
0 0.980469 0.253906 0.039062 0.060937
0 0.408594 0.266406 0.045312 0.051562
0 0.291406 0.303125 0.142187 0.103125
0 0.584375 0.337500 0.068750 0.081250
0 0.494531 0.402344 0.054688 0.064062
0 0.357031 0.424219 0.101562 0.051562
0 0.789062 0.432812 0.040625 0.046875
0 0.408594 0.507031 0.064062 0.064062
0 0.715625 0.575000 0.040625 0.031250
0 0.464844 0.600781 0.042188 0.039062
0 0.780469 0.638281 0.035937 0.076563
0 0.626563 0.668750 0.025000 0.043750
0 0.502344 0.761719 0.048438 0.092188
0 0.250781 0.853125 0.064062 0.046875
0 0.158594 0.982812 0.101562 0.034375