0 0.599219 0.185156 0.076563 0.076563
0 0.400781 0.185156 0.089063 0.070312
0 0.931250 0.200000 0.068750 0.068750
0 0.660156 0.214844 0.048438 0.048438
0 0.479687 0.300781 0.059375 0.060937
0 0.082812 0.335156 0.096875 0.095312
0 0.603906 0.389062 0.051562 0.059375
0 0.885156 0.417969 0.073438 0.073438
0 0.144531 0.486719 0.076563 0.051562
0 0.046094 0.502344 0.092188 0.098437
0 0.514062 0.596094 0.090625 0.092188
0 0.871875 0.629687 0.096875 0.096875
0 0.500000 0.658594 0.065625 0.035937
0 0.285156 0.685156 0.126562 0.117188
0 0.127344 0.784375 0.060937 0.062500
0 0.367188 0.839063 0.059375 0.053125
0 0.557813 0.882031 0.084375 0.085938