0 0.755469 0.035156 0.076563 0.070312
0 0.503906 0.082812 0.064062 0.046875
0 0.446875 0.168750 0.043750 0.043750
0 0.271094 0.189844 0.060937 0.060937
0 0.375781 0.341406 0.107813 0.107813
0 0.426563 0.384375 0.075000 0.050000
0 0.545312 0.389062 0.056250 0.056250
0 0.506250 0.471094 0.040625 0.042188
0 0.440625 0.528125 0.050000 0.050000
0 0.247656 0.539062 0.057813 0.059375
0 0.359375 0.728125 0.043750 0.043750
0 0.640625 0.757031 0.071875 0.070312
0 0.575781 0.902344 0.048438 0.048438
0 0.665625 0.921094 0.087500 0.057813