0 0.756250 0.032813 0.090625 0.065625
0 0.503906 0.083594 0.064062 0.045312
0 0.447656 0.169531 0.045312 0.045312
0 0.271094 0.189844 0.045312 0.076563
0 0.375781 0.341406 0.126562 0.089063
0 0.426563 0.384375 0.075000 0.050000
0 0.545312 0.389062 0.046875 0.062500
0 0.506250 0.471094 0.040625 0.042188
0 0.440625 0.528906 0.056250 0.045312
0 0.247656 0.539062 0.045312 0.071875
0 0.359375 0.728125 0.034375 0.053125
0 0.640625 0.757031 0.087500 0.054688
0 0.575000 0.903125 0.040625 0.056250
0 0.665625 0.921094 0.087500 0.057813