0 0.771094 0.022656 0.073438 0.045312
0 0.892969 0.247656 0.045312 0.067187
0 0.721875 0.307812 0.059375 0.056250
0 0.758594 0.428125 0.051562 0.068750
0 0.125781 0.433594 0.051562 0.064062
0 0.464844 0.464062 0.042188 0.056250
0 0.319531 0.512500 0.048438 0.071875
0 0.063281 0.518750 0.054688 0.053125
0 0.044531 0.656250 0.064062 0.081250
0 0.975781 0.662500 0.048438 0.071875
0 0.522656 0.804688 0.054688 0.062500
0 0.656250 0.895312 0.068750 0.043750
0 0.440625 0.953125 0.081250 0.053125
0 0.156250 0.964844 0.053125 0.067187