0 0.388281 0.095312 0.039062 0.040625
0 0.447656 0.178125 0.048438 0.031250
0 0.140625 0.210156 0.059375 0.064062
0 0.513281 0.315625 0.042188 0.043750
0 0.825000 0.385156 0.081250 0.082812
0 0.687500 0.474219 0.053125 0.048438
0 0.766406 0.523438 0.029687 0.034375
0 0.485938 0.594531 0.037500 0.042188
0 0.340625 0.707812 0.068750 0.056250
0 0.082812 0.790625 0.053125 0.075000
0 0.619531 0.838281 0.054688 0.054688
0 0.140625 0.869531 0.062500 0.064062
0 0.075000 0.877344 0.046875 0.045312
0 0.501563 0.895312 0.050000 0.050000
0 0.400781 0.954688 0.079687 0.078125
0 0.948438 0.974219 0.068750 0.051562