0 0.471875 0.059375 0.100000 0.065625
0 0.428906 0.232813 0.023438 0.037500
0 0.278125 0.246875 0.087500 0.081250
0 0.990625 0.256250 0.018750 0.050000
0 0.674219 0.260156 0.035937 0.051562
0 0.770312 0.312500 0.056250 0.062500
0 0.707031 0.322656 0.045312 0.060937
0 0.630469 0.369531 0.039062 0.039062
0 0.743750 0.403125 0.053125 0.065625
0 0.483594 0.414844 0.042188 0.042188
0 0.007031 0.425781 0.014063 0.051562
0 0.414844 0.474219 0.076563 0.095312
0 0.054688 0.625000 0.081250 0.100000
0 0.359375 0.653906 0.106250 0.117188
0 0.678906 0.686719 0.035937 0.060937
0 0.770312 0.707812 0.046875 0.053125
0 0.802344 0.724219 0.045312 0.045312
0 0.617969 0.779687 0.073438 0.056250