0 0.817187 0.010156 0.059375 0.020313
0 0.130469 0.067187 0.060937 0.050000
0 0.119531 0.130469 0.073438 0.076563
0 0.360156 0.159375 0.045312 0.050000
0 0.243750 0.253906 0.062500 0.064062
0 0.481250 0.255469 0.062500 0.051562
0 0.653125 0.269531 0.096875 0.095312
0 0.369531 0.315625 0.064062 0.128125
0 0.687500 0.342187 0.043750 0.031250
0 0.846094 0.379688 0.039062 0.053125
0 0.087500 0.464844 0.037500 0.035937
0 0.214844 0.467187 0.029687 0.046875
0 0.329688 0.557031 0.071875 0.057813
0 0.584375 0.653906 0.031250 0.026562
0 0.660937 0.661719 0.037500 0.039062
0 0.151562 0.707031 0.137500 0.154688
0 0.575000 0.802344 0.050000 0.048438
0 0.445312 0.976562 0.100000 0.046875
0 0.617969 0.985156 0.054688 0.029687