0 0.471875 0.059375 0.081250 0.081250
0 0.428906 0.232813 0.029687 0.031250
0 0.278125 0.246875 0.084375 0.084375
0 0.986719 0.255469 0.026562 0.032813
0 0.674219 0.259375 0.042188 0.043750
0 0.770312 0.312500 0.059375 0.059375
0 0.707812 0.323437 0.053125 0.053125
0 0.630469 0.369531 0.039062 0.039062
0 0.743750 0.403125 0.059375 0.059375
0 0.483594 0.414844 0.042188 0.042188
0 0.007031 0.425781 0.014063 0.051562
0 0.414844 0.474219 0.085938 0.085938
0 0.054688 0.625000 0.090625 0.090625
0 0.359375 0.653906 0.112500 0.110937
0 0.678906 0.686719 0.035937 0.060937
0 0.770312 0.707812 0.050000 0.050000
0 0.802344 0.724219 0.045312 0.045312
0 0.617188 0.778906 0.065625 0.064062