0 0.542969 0.018750 0.048438 0.031250
0 0.252344 0.095312 0.051562 0.050000
0 0.797656 0.110156 0.079687 0.079687
0 0.034375 0.127344 0.050000 0.042188
0 0.396094 0.169531 0.029687 0.029687
0 0.485938 0.199219 0.037500 0.039062
0 0.253906 0.227344 0.067187 0.067187
0 0.853125 0.239063 0.053125 0.056250
0 0.426563 0.259375 0.037500 0.037500
0 0.140625 0.295312 0.050000 0.065625
0 0.907813 0.325000 0.100000 0.100000
0 0.413281 0.361719 0.085938 0.085938
0 0.183594 0.492188 0.064062 0.062500
0 0.543750 0.521094 0.025000 0.054688
0 0.853125 0.527344 0.046875 0.048438
0 0.039062 0.626563 0.078125 0.093750
0 0.972656 0.677344 0.048438 0.048438
0 0.606250 0.717187 0.040625 0.053125
0 0.140625 0.731250 0.087500 0.087500
0 0.754687 0.750000 0.140625 0.128125
0 0.591406 0.786719 0.035937 0.045312
0 0.235937 0.884375 0.075000 0.075000