0 0.497656 0.277344 0.076563 0.076563
0 0.809375 0.289062 0.084375 0.084375
0 0.648438 0.295312 0.046875 0.056250
0 0.080469 0.321875 0.057813 0.081250
0 0.231250 0.322656 0.050000 0.073438
0 0.327344 0.335938 0.045312 0.043750
0 0.596875 0.393750 0.056250 0.056250
0 0.726562 0.441406 0.031250 0.032813
0 0.985938 0.448437 0.028125 0.037500
0 0.289062 0.459375 0.028125 0.046875
0 0.795312 0.482812 0.040625 0.040625
0 0.458594 0.551562 0.073438 0.075000
0 0.288281 0.813281 0.067187 0.067187
0 0.880469 0.899219 0.032813 0.032813
0 0.038281 0.916406 0.076563 0.085938
0 0.700000 0.984375 0.037500 0.031250