0 0.536719 0.010156 0.054688 0.020313
0 0.709375 0.032031 0.059375 0.045312
0 0.344531 0.160938 0.032813 0.028125
0 0.926562 0.196875 0.053125 0.056250
0 0.442969 0.223438 0.079687 0.065625
0 0.474219 0.304688 0.095312 0.043750
0 0.692969 0.314844 0.045312 0.035937
0 0.739062 0.328125 0.046875 0.062500
0 0.768750 0.464062 0.050000 0.065625
0 0.433594 0.466406 0.085938 0.079687
0 0.080469 0.551562 0.095312 0.118750
0 0.604688 0.551562 0.118750 0.106250
0 0.164844 0.565625 0.035937 0.056250
0 0.535156 0.587500 0.057813 0.075000
0 0.347656 0.623437 0.045312 0.056250
0 0.243750 0.653906 0.096875 0.060937
0 0.669531 0.696875 0.035937 0.059375
0 0.731250 0.761719 0.050000 0.060937
0 0.442969 0.779687 0.082812 0.096875
0 0.475000 0.900000 0.109375 0.071875