0 0.497656 0.277344 0.070312 0.082812
0 0.810156 0.289062 0.092188 0.075000
0 0.649219 0.295312 0.045312 0.056250
0 0.080469 0.321875 0.057813 0.081250
0 0.231250 0.322656 0.050000 0.073438
0 0.327344 0.335156 0.051562 0.035937
0 0.596094 0.392969 0.045312 0.067187
0 0.726562 0.441406 0.021875 0.042188
0 0.990625 0.449219 0.018750 0.054688
0 0.289062 0.459375 0.028125 0.046875
0 0.795312 0.482812 0.034375 0.046875
0 0.459375 0.552344 0.087500 0.060937
0 0.289062 0.813281 0.068750 0.067187
0 0.880469 0.899219 0.029687 0.035937
0 0.034375 0.917188 0.068750 0.103125
0 0.700000 0.987500 0.050000 0.025000