0 0.457031 0.058594 0.070312 0.057813
0 0.564063 0.097656 0.071875 0.092188
0 0.541406 0.195312 0.023438 0.028125
0 0.784375 0.240625 0.046875 0.071875
0 0.378906 0.253906 0.023438 0.035937
0 0.254688 0.271875 0.034375 0.031250
0 0.807813 0.323437 0.028125 0.018750
0 0.006250 0.363281 0.012500 0.042188
0 0.167187 0.379688 0.025000 0.059375
0 0.059375 0.438281 0.056250 0.057813
0 0.445312 0.443750 0.118750 0.106250
0 0.935937 0.483594 0.056250 0.117188
0 0.586719 0.532813 0.020313 0.028125
0 0.761719 0.564844 0.017188 0.020313
0 0.717187 0.581250 0.031250 0.043750
0 0.837500 0.628906 0.012500 0.014063
0 0.209375 0.669531 0.015625 0.023438
0 0.506250 0.671094 0.025000 0.020313
0 0.157031 0.682813 0.023438 0.053125
0 0.740625 0.727344 0.015625 0.020313
0 0.211719 0.736719 0.023438 0.035937
0 0.722656 0.757031 0.023438 0.023438
0 0.635938 0.771094 0.021875 0.023438
0 0.850781 0.782813 0.051562 0.096875
0 0.991406 0.815625 0.010937 0.009375
0 0.025000 0.818750 0.050000 0.087500
0 0.467969 0.910156 0.014063 0.023438
0 0.687500 0.928125 0.043750 0.028125
0 0.552344 0.953125 0.014063 0.012500