0 0.507031 0.025000 0.057813 0.050000
0 0.523438 0.178906 0.040625 0.042188
0 0.408594 0.312500 0.039062 0.037500
0 0.849219 0.335156 0.101562 0.129688
0 0.213281 0.353125 0.045312 0.046875
0 0.485938 0.423438 0.084375 0.084375
0 0.625781 0.435937 0.039062 0.056250
0 0.246094 0.482812 0.051562 0.046875
0 0.646094 0.745313 0.054688 0.056250
0 0.775000 0.799219 0.068750 0.070312
0 0.277344 0.892969 0.051562 0.051562
0 0.368750 0.895312 0.043750 0.053125
0 0.809375 0.971875 0.059375 0.056250
0 0.972656 0.970313 0.054688 0.059375