0 0.167187 0.014844 0.046875 0.029687
0 0.636719 0.221094 0.035937 0.035937
0 0.969531 0.295312 0.045312 0.046875
0 0.527344 0.304688 0.029687 0.021875
0 0.311719 0.318750 0.029687 0.028125
0 0.619531 0.321094 0.029687 0.035937
0 0.991406 0.400000 0.017188 0.025000
0 0.682813 0.412500 0.046875 0.046875
0 0.644531 0.495312 0.042188 0.040625
0 0.290625 0.540625 0.031250 0.028125
0 0.729688 0.589844 0.037500 0.032813
0 0.594531 0.599219 0.032813 0.032813
0 0.067969 0.702344 0.039062 0.039062
0 0.979688 0.890625 0.031250 0.028125
0 0.540625 0.946875 0.031250 0.031250
0 0.970313 0.953906 0.018750 0.042188
0 0.219531 0.961719 0.045312 0.045312
0 0.370312 0.989844 0.028125 0.020313