0 0.750781 0.492969 0.092188 0.073438
0 0.736719 0.441406 0.048438 0.039062
0 0.582812 0.700781 0.050000 0.051562
0 0.510938 0.632812 0.050000 0.034375
0 0.758594 0.661719 0.039062 0.032813
0 0.035156 0.213281 0.054688 0.035937
0 0.198437 0.264844 0.059375 0.045312
0 0.388281 0.195312 0.064062 0.050000
0 0.417187 0.175000 0.056250 0.040625
0 0.476562 0.430469 0.046875 0.042188
0 0.610156 0.346094 0.020313 0.026562
0 0.674219 0.358594 0.029687 0.051562
0 0.707812 0.253125 0.059375 0.046875
0 0.204687 0.007031 0.031250 0.014063
0 0.087500 0.506250 0.037500 0.040625
0 0.066406 0.579688 0.032813 0.046875
0 0.289062 0.641406 0.040625 0.045312