0 0.979688 0.063281 0.040625 0.054688
0 0.568750 0.279687 0.034375 0.037500
0 0.715625 0.272656 0.034375 0.035937
0 0.695312 0.466406 0.050000 0.051562
0 0.496094 0.376563 0.029687 0.031250
0 0.479687 0.457031 0.034375 0.035937
0 0.758594 0.964844 0.082812 0.070312
0 0.084375 0.940625 0.065625 0.068750
0 0.138281 0.985156 0.035937 0.029687
0 0.947656 0.912500 0.048438 0.046875
0 0.553125 0.676562 0.028125 0.034375
0 0.792969 0.592187 0.057813 0.056250
0 0.585156 0.510156 0.032813 0.032813
0 0.619531 0.497656 0.035937 0.035937
0 0.674219 0.520312 0.020313 0.043750
0 0.678906 0.679688 0.026562 0.043750
0 0.469531 0.087500 0.057813 0.028125