0 0.979688 0.063281 0.040625 0.054688
0 0.568750 0.279687 0.043750 0.028125
0 0.715625 0.272656 0.028125 0.042188
0 0.695312 0.466406 0.059375 0.042188
0 0.496094 0.376563 0.026562 0.034375
0 0.479687 0.456250 0.031250 0.040625
0 0.759375 0.971875 0.109375 0.056250
0 0.085156 0.940625 0.054688 0.078125
0 0.139063 0.988281 0.046875 0.023438
0 0.947656 0.912500 0.042188 0.053125
0 0.553125 0.677344 0.028125 0.035937
0 0.792969 0.592969 0.029687 0.082812
0 0.585938 0.510156 0.028125 0.035937
0 0.619531 0.497656 0.029687 0.042188
0 0.674219 0.520312 0.020313 0.043750
0 0.678906 0.679688 0.026562 0.043750
0 0.469531 0.087500 0.057813 0.028125