0 0.598437 0.238281 0.059375 0.098437
0 0.725000 0.213281 0.053125 0.048438
0 0.906250 0.292969 0.068750 0.039062
0 0.767188 0.757812 0.096875 0.081250
0 0.729688 0.621094 0.050000 0.076563
0 0.846875 0.800000 0.034375 0.093750
0 0.431250 0.836719 0.059375 0.032813
0 0.156250 0.223438 0.028125 0.065625
0 0.253906 0.223438 0.032813 0.031250
0 0.156250 0.404687 0.037500 0.031250
0 0.013281 0.603906 0.026562 0.051562
0 0.974219 0.005469 0.042188 0.010937
0 0.366406 0.035156 0.020313 0.039062
0 0.401562 0.038281 0.040625 0.035937