0 0.585156 0.302344 0.054688 0.054688
0 0.711719 0.465625 0.045312 0.031250
0 0.390625 0.504687 0.025000 0.046875
0 0.687500 0.733594 0.050000 0.048438
0 0.606250 0.748437 0.043750 0.034375
0 0.552344 0.714844 0.039062 0.039062
0 0.517969 0.641406 0.026562 0.039062
0 0.535156 0.633594 0.032813 0.032813
0 0.598437 0.909375 0.034375 0.034375
0 0.932031 0.497656 0.035937 0.035937
0 0.834375 0.413281 0.028125 0.035937
0 0.817187 0.564844 0.025000 0.026562
0 0.988281 0.156250 0.023438 0.046875
0 0.328125 0.335938 0.015625 0.031250
0 0.092188 0.485156 0.046875 0.045312
0 0.075781 0.382031 0.026562 0.026562
0 0.329688 0.535156 0.037500 0.035937
0 0.829688 0.684375 0.043750 0.043750
0 0.506250 0.235937 0.046875 0.046875
0 0.207813 0.907813 0.050000 0.050000
0 0.346875 0.110937 0.028125 0.031250