0 0.243792 0.386404 0.085779 0.068421
0 0.440181 0.372807 0.093905 0.091228
0 0.613995 0.345175 0.134537 0.048246
0 0.681490 0.207895 0.051016 0.107895
0 0.862980 0.244518 0.068172 0.041667
0 0.084424 0.193860 0.063205 0.090351
0 0.121896 0.299561 0.046953 0.057018
0 0.632280 0.489693 0.136795 0.018860
0 0.447404 0.491228 0.044244 0.076316
0 0.686682 0.851316 0.081264 0.122807
0 0.325508 0.764693 0.112867 0.104825
0 0.338375 0.511184 0.071783 0.066228
0 0.072912 0.746053 0.093454 0.095614
0 0.262980 0.214254 0.032054 0.042544
0 0.162754 0.232237 0.054628 0.047807
0 0.683973 0.583333 0.129120 0.090351
0 0.145372 0.637939 0.083973 0.084649
0 0.532957 0.595833 0.092551 0.086404
0 0.537923 0.282456 0.052822 0.029825
0 0.254176 0.145614 0.092099 0.051754
0 0.513544 0.890570 0.012190 0.017982
0 0.600226 0.666886 0.038375 0.044298