0 0.700833 0.203912 0.061667 0.145889
0 0.855833 0.285975 0.095000 0.137599
0 0.131667 0.206399 0.080000 0.054708
0 0.115833 0.257792 0.048333 0.074602
0 0.185833 0.429377 0.085000 0.109416
0 0.200000 0.064655 0.073333 0.072944
0 0.291667 0.274370 0.063333 0.051393
0 0.502500 0.545424 0.175000 0.135942
0 0.148333 0.671419 0.083333 0.089523
0 0.345000 0.393733 0.096667 0.104443
0 0.420833 0.318302 0.065000 0.049735
0 0.216667 0.121021 0.086667 0.046419
0 0.289167 0.124337 0.088333 0.046419
0 0.244167 0.014920 0.058333 0.029841
0 0.462500 0.087865 0.125000 0.145889
0 0.586667 0.204741 0.050000 0.081233
0 0.527500 0.422745 0.051667 0.043103
0 0.482500 0.343999 0.058333 0.081233
0 0.614167 0.475796 0.161667 0.062997
0 0.665000 0.828912 0.093333 0.082891
0 0.415833 0.646552 0.078333 0.062997
0 0.522500 0.693800 0.058333 0.071286
0 0.340833 0.730272 0.141667 0.077918
0 0.905000 0.888594 0.113333 0.066313
0 0.357500 0.929211 0.268333 0.081233