0 0.382230 0.639677 0.034914 0.019477
0 0.626889 0.299666 0.015633 0.021703
0 0.490360 0.333333 0.012507 0.046745
0 0.754560 0.660824 0.030224 0.057318
0 0.401251 0.137730 0.009380 0.012799
0 0.692288 0.234001 0.014070 0.025042
0 0.171965 0.511686 0.029182 0.128548
0 0.372850 0.512521 0.049505 0.015582
0 0.610735 0.449360 0.043773 0.036171
0 0.173528 0.198386 0.029182 0.098497
0 0.972642 0.416249 0.019281 0.022259
0 0.533351 0.717863 0.026576 0.034502
0 0.367639 0.965776 0.032830 0.028381
0 0.245180 0.743740 0.053674 0.070673
0 0.264200 0.440735 0.004169 0.004452
0 0.027280 0.175097 0.006305 0.009182
0 0.021001 0.178325 0.005524 0.010072