0 0.824908 0.193997 0.067399 0.061493
0 0.916850 0.962665 0.035897 0.058565
0 0.032234 0.533675 0.039560 0.036603
0 0.161172 0.096633 0.098168 0.032211
0 0.794505 0.670937 0.057875 0.022694
0 0.193040 0.305637 0.028571 0.034407
0 0.799634 0.542094 0.027106 0.024158
0 0.128205 0.819546 0.064469 0.040264
0 0.438462 0.765007 0.019780 0.051245
0 0.541392 0.535505 0.024908 0.034407
0 0.553480 0.112372 0.024176 0.056369
0 0.677289 0.400805 0.030037 0.044656
0 0.608425 0.128111 0.084249 0.048316
0 0.173993 0.369327 0.025641 0.018302
0 0.265568 0.472182 0.005128 0.004392