0 0.945173 0.173532 0.044596 0.100927
0 0.353882 0.775232 0.066632 0.045829
0 0.840504 0.515448 0.039874 0.031926
0 0.322403 0.532956 0.039349 0.044284
0 0.805352 0.880793 0.029381 0.147786
0 0.882476 0.762358 0.024134 0.033471
0 0.214586 0.729918 0.065058 0.065396
0 0.166579 0.335736 0.129591 0.100927
0 0.685467 0.346550 0.153725 0.051493
0 0.994229 0.204686 0.010493 0.029351
0 0.540923 0.733265 0.086044 0.074150
0 0.396642 0.430742 0.126967 0.144696
0 0.457503 0.366890 0.084995 0.075695
0 0.898216 0.214727 0.050367 0.038105