0 0.191770 0.484659 0.063665 0.096089
0 0.833540 0.384693 0.109317 0.143628
0 0.861180 0.592717 0.062733 0.080917
0 0.352795 0.626770 0.036025 0.058665
0 0.267391 0.163857 0.081366 0.067431
0 0.629193 0.422792 0.093168 0.093055
0 0.191304 0.476736 0.037267 0.068780
0 0.393478 0.247134 0.050311 0.069454
0 0.579503 0.769386 0.083230 0.210384
0 0.412733 0.366150 0.035404 0.033715
0 0.360248 0.094066 0.054658 0.054619
0 0.542236 0.132839 0.064596 0.082266
0 0.689752 0.628119 0.065217 0.060013
0 0.343944 0.337997 0.051242 0.045516