0 0.281661 0.472542 0.005376 0.006200
0 0.185036 0.246531 0.027180 0.085031
0 0.186380 0.550782 0.016726 0.097136
0 0.393668 0.539415 0.048984 0.014172
0 0.030466 0.226454 0.012545 0.014172
0 0.416069 0.181134 0.011350 0.013877
0 0.266129 0.765279 0.056750 0.068497
0 0.405914 0.659433 0.037037 0.019782
0 0.563471 0.730883 0.026583 0.034544
0 0.791517 0.668291 0.031063 0.055802
0 0.637097 0.470623 0.043011 0.036611
0 0.395609 0.976380 0.032557 0.027753
0 0.511798 0.366549 0.014636 0.043401
0 0.650388 0.327724 0.013441 0.018896
0 0.690562 0.290818 0.026284 0.024210
0 0.716249 0.263950 0.014337 0.023029
0 0.777330 0.265722 0.024791 0.014762
0 0.799582 0.175672 0.007766 0.023620
0 0.656511 0.073812 0.017921 0.060821
0 0.497760 0.011957 0.012246 0.023915
0 0.536290 0.622380 0.002688 0.005314
0 0.212515 0.147919 0.005078 0.005905