0 0.546563 0.545931 0.026329 0.038077
0 0.806923 0.674917 0.067284 0.023798
0 0.031936 0.550928 0.046319 0.039505
0 0.152365 0.114945 0.101902 0.036649
0 0.451000 0.780105 0.037055 0.091385
0 0.187226 0.322941 0.031204 0.040457
0 0.130424 0.837696 0.044369 0.039029
0 0.172111 0.383865 0.032179 0.024274
0 0.605558 0.132318 0.084837 0.055212
0 0.828864 0.191337 0.072160 0.063779
0 0.933935 0.960019 0.033642 0.058068
0 0.586543 0.709424 0.047782 0.039505
0 0.750366 0.859115 0.025353 0.044741
0 0.585324 0.715850 0.068747 0.089481
0 0.549976 0.117801 0.025353 0.061399
0 0.681131 0.406235 0.032179 0.049024
0 0.888835 0.293670 0.020478 0.025702
0 0.808630 0.548310 0.032667 0.031414
0 0.912565 0.161828 0.037382 0.053941
0 0.347796 0.514041 0.032506 0.095193
0 0.393710 0.362922 0.020722 0.016659
0 0.268162 0.487863 0.010970 0.008329
0 0.566187 0.492327 0.008532 0.018444
0 0.736533 0.307592 0.010361 0.009519
0 0.533584 0.641661 0.010361 0.011304
0 0.196246 0.658815 0.012189 0.013484