0 0.331036 0.298468 0.069867 0.074198
0 0.255703 0.142173 0.112167 0.084251
0 0.879753 0.763763 0.118821 0.169938
0 0.785646 0.197702 0.087452 0.150311
0 0.810599 0.359981 0.133555 0.149354
0 0.526378 0.118717 0.104087 0.120632
0 0.140922 0.637865 0.108840 0.123983
0 0.174667 0.422690 0.067015 0.087123
0 0.382605 0.222595 0.068123 0.068612
0 0.400822 0.334289 0.050699 0.046276
0 0.072087 0.719641 0.144168 0.054251
0 0.257448 0.636668 0.064957 0.076592
0 0.336659 0.568851 0.068123 0.055850
0 0.610741 0.391733 0.093474 0.094146
0 0.884030 0.212221 0.060204 0.108506
0 0.271706 0.777085 0.071293 0.067018
0 0.554501 0.698899 0.063370 0.194672
0 0.356464 0.078985 0.072875 0.055850
0 0.663023 0.574438 0.077628 0.063825
0 0.832543 0.547310 0.074463 0.086166
0 0.718474 0.734002 0.096640 0.105314
0 0.792933 0.941202 0.106145 0.117602
0 0.662229 0.962982 0.072875 0.049464