0 0.344126 0.735880 0.022029 0.017940
0 0.606142 0.270100 0.012016 0.020598
0 0.085781 0.596346 0.007343 0.011296
0 0.496996 0.793355 0.011348 0.014618
0 0.075434 0.688372 0.016021 0.019934
0 0.285714 0.418937 0.014686 0.023256
0 0.291389 0.656478 0.022029 0.022591
0 0.244326 0.605316 0.034713 0.026578
0 0.566088 0.854817 0.014686 0.019269
0 0.135514 0.518272 0.022697 0.021262
0 0.364486 0.291362 0.026702 0.016611
0 0.544059 0.743522 0.017356 0.017276
0 0.052069 0.174751 0.010681 0.011960
0 0.518358 0.231894 0.010013 0.023920
0 0.626502 0.179734 0.024700 0.009967
0 0.594793 0.110631 0.030708 0.028571
0 0.216622 0.485714 0.032710 0.029236
0 0.588785 0.695681 0.021362 0.022591
0 0.677236 0.330565 0.006008 0.011296
0 0.179573 0.423588 0.005340 0.004651