0 0.652256 0.145343 0.017857 0.015992
0 0.594220 0.290922 0.013628 0.026811
0 0.790883 0.143462 0.020677 0.026341
0 0.764803 0.314675 0.023026 0.021637
0 0.418938 0.539511 0.040883 0.052681
0 0.030780 0.346425 0.012688 0.014581
0 0.649201 0.682032 0.011748 0.013170
0 0.538534 0.479539 0.019737 0.017404
0 0.409305 0.072907 0.011278 0.015052
0 0.496006 0.309501 0.035244 0.035748
0 0.202068 0.934854 0.021617 0.015522
0 0.233788 0.568438 0.006109 0.020226
0 0.069784 0.711195 0.006109 0.009407
0 0.864662 0.794450 0.010338 0.006585
0 0.858454 0.776778 0.006377 0.006722
0 0.949483 0.674318 0.005921 0.005174
0 0.791588 0.548683 0.007989 0.007996
0 0.791118 0.368297 0.006109 0.009407
0 0.880287 0.335786 0.004229 0.005292
0 0.456476 0.074671 0.005992 0.005880