0 0.596253 0.699790 0.010336 0.012596
0 0.724806 0.156053 0.019380 0.022393
0 0.436047 0.821554 0.058140 0.092372
0 0.956072 0.263471 0.046512 0.034290
0 0.570413 0.570329 0.023256 0.027992
0 0.214470 0.588873 0.007752 0.023093
0 0.493863 0.497901 0.017442 0.014696
0 0.065568 0.125262 0.020026 0.039188
0 0.890181 0.714136 0.083979 0.014696
0 0.377584 0.549335 0.025194 0.032190
0 0.543928 0.305808 0.014212 0.026592
0 0.101098 0.171449 0.036822 0.053184
0 0.740956 0.918824 0.052972 0.018195
0 0.780039 0.511197 0.047158 0.016095
0 0.665052 0.599370 0.031654 0.052484
0 0.156654 0.349195 0.035530 0.047586
0 0.829457 0.284815 0.041344 0.040588
0 0.853682 0.409377 0.012274 0.048985
0 0.452519 0.325052 0.029070 0.031491
0 0.728036 0.812456 0.029716 0.029391
0 0.369509 0.085374 0.010336 0.013996
0 0.596899 0.158502 0.018088 0.014696
0 0.700258 0.735479 0.024548 0.048985
0 0.192829 0.950315 0.020026 0.015395
0 0.702519 0.329951 0.022610 0.017495
0 0.902778 0.714136 0.057494 0.013296
0 0.023256 0.365290 0.003876 0.006998
0 0.726744 0.567180 0.006460 0.004899