0 0.208707 0.279212 0.108108 0.142342
0 0.484986 0.084467 0.111113 0.137649
0 0.413662 0.279212 0.076577 0.092290
0 0.382131 0.354294 0.085586 0.048489
0 0.503005 0.268264 0.042041 0.095415
0 0.551050 0.379320 0.048050 0.073519
0 0.569820 0.485687 0.145644 0.079775
0 0.666667 0.499765 0.051050 0.086030
0 0.424923 0.585795 0.102104 0.098545
0 0.307059 0.519320 0.085586 0.172065
0 0.213964 0.634289 0.085586 0.045364
0 0.222221 0.813388 0.105104 0.084467
0 0.445194 0.753951 0.100599 0.090723
0 0.545045 0.885345 0.108108 0.062567
0 0.790541 0.910371 0.094595 0.065697
0 0.704203 0.737527 0.057059 0.092290
0 0.823572 0.788362 0.049550 0.071952
0 0.897896 0.743782 0.063063 0.070389
0 0.840090 0.382450 0.052554 0.086030
0 0.850599 0.454402 0.079581 0.042234
0 0.726725 0.180666 0.108108 0.111061
0 0.058559 0.409043 0.114113 0.183013