0 0.191129 0.212889 0.114516 0.117628
0 0.511290 0.289927 0.096774 0.056329
0 0.495968 0.405070 0.030645 0.167329
0 0.763710 0.530981 0.066129 0.107687
0 0.288710 0.468854 0.093548 0.043075
0 0.380645 0.423294 0.083871 0.051359
0 0.532258 0.690027 0.164516 0.071239
0 0.629032 0.770378 0.058065 0.056329
0 0.284677 0.790258 0.156452 0.115971
0 0.425806 0.931080 0.164516 0.135852
0 0.820161 0.762922 0.082258 0.104374
0 0.883871 0.428264 0.048387 0.087806
0 0.741129 0.256793 0.053226 0.046388
0 0.790323 0.136680 0.058065 0.028164
0 0.295968 0.561630 0.101613 0.069583
0 0.358871 0.599735 0.050000 0.072896