0 0.654169 0.393556 0.030878 0.046667
0 0.768637 0.659111 0.063079 0.025778
0 0.523599 0.528444 0.026467 0.039111
0 0.882444 0.942889 0.033083 0.059111
0 0.035730 0.526222 0.043229 0.037333
0 0.336789 0.491111 0.017203 0.101333
0 0.159241 0.099333 0.097045 0.036889
0 0.432510 0.744889 0.042788 0.084444
0 0.535068 0.106667 0.024702 0.064000
0 0.188796 0.303556 0.028231 0.036444
0 0.125055 0.804667 0.041906 0.037778
0 0.172475 0.365111 0.031760 0.026222
0 0.587340 0.124000 0.083370 0.053333
0 0.797530 0.186222 0.069696 0.064889
0 0.558888 0.690667 0.045876 0.045333
0 0.429202 0.363111 0.029113 0.050667
0 0.711292 0.837778 0.026026 0.045333
0 0.771063 0.534000 0.032642 0.028000
0 0.875827 0.155333 0.015439 0.037778
0 0.995148 0.503556 0.009704 0.016000
0 0.853330 0.288444 0.017203 0.023111
0 0.382444 0.347333 0.011469 0.014667
0 0.259153 0.466889 0.005734 0.004889
0 0.542408 0.477778 0.006617 0.007618
0 0.463480 0.554760 0.003150 0.002222
0 0.507459 0.624044 0.003688 0.003351
0 0.709422 0.298400 0.002973 0.003929
0 0.188774 0.635658 0.005412 0.005453
0 0.128363 0.346889 0.003529 0.003111