0 0.880602 0.231416 0.109475 0.086619
0 0.592190 0.299289 0.051216 0.028442
0 0.479513 0.556238 0.081946 0.065288
0 0.053457 0.563025 0.036492 0.074984
0 0.656850 0.783775 0.120359 0.075630
0 0.058899 0.213639 0.032010 0.119586
0 0.872919 0.649644 0.086428 0.135747
0 0.520487 0.758565 0.079385 0.150614
0 0.138284 0.213316 0.072983 0.112476
0 0.640845 0.074984 0.048656 0.060763
0 0.264405 0.597931 0.065301 0.094376
0 0.592190 0.576277 0.093470 0.159664
0 0.338668 0.372980 0.161332 0.140918
0 0.131562 0.407886 0.092830 0.093083
0 0.213508 0.890433 0.179898 0.087266
0 0.755122 0.391403 0.094110 0.127343
0 0.526569 0.942146 0.009603 0.009696