0 0.205829 0.289819 0.104118 0.149531
0 0.516579 0.087364 0.120135 0.144491
0 0.776069 0.187334 0.126540 0.115927
0 0.440495 0.294859 0.089702 0.089047
0 0.531797 0.285620 0.064070 0.070565
0 0.583854 0.391467 0.043248 0.070565
0 0.594267 0.499834 0.169789 0.082324
0 0.711999 0.521673 0.043248 0.089047
0 0.752845 0.761930 0.048054 0.072243
0 0.873777 0.816532 0.030432 0.053765
0 0.953066 0.764451 0.057665 0.087364
0 0.900207 0.466230 0.060870 0.042001
0 0.884190 0.405746 0.089702 0.078967
0 0.316353 0.543513 0.078486 0.176411
0 0.229058 0.657762 0.060870 0.055444
0 0.076084 0.434309 0.139356 0.179773
0 0.398847 0.367944 0.073681 0.053765
0 0.481341 0.783770 0.123340 0.089047
0 0.239467 0.850136 0.113729 0.097445
0 0.586257 0.928261 0.092902 0.052082