0 0.669925 0.459123 0.042553 0.094787
0 0.371478 0.756220 0.132260 0.069313
0 0.921794 0.917654 0.155262 0.088863
0 0.610696 0.550355 0.047154 0.058057
0 0.746406 0.121149 0.078206 0.036137
0 0.849339 0.737263 0.039103 0.064573
0 0.631972 0.921505 0.025302 0.088270
0 0.175388 0.684242 0.057504 0.049763
0 0.554054 0.469491 0.027027 0.042062
0 0.202128 0.074348 0.063830 0.065758
0 0.353939 0.660545 0.052329 0.053318
0 0.258194 0.548578 0.081656 0.046209
0 0.401093 0.352488 0.054629 0.033175
0 0.877228 0.567239 0.060380 0.148697
0 0.679126 0.664396 0.104658 0.061019