0 0.847751 0.280271 0.041522 0.040710
0 0.741226 0.158142 0.018290 0.022965
0 0.798319 0.503392 0.045477 0.015136
0 0.972071 0.256524 0.044983 0.032881
0 0.761493 0.906576 0.052892 0.018789
0 0.447108 0.815501 0.043005 0.093424
0 0.511122 0.495042 0.016807 0.014092
0 0.206871 0.944937 0.021256 0.013048
0 0.560059 0.304802 0.012852 0.025052
0 0.612704 0.160230 0.017301 0.016701
0 0.467622 0.323591 0.030648 0.032359
0 0.872219 0.400052 0.010381 0.047495
0 0.685121 0.593946 0.035591 0.054280
0 0.385072 0.092380 0.009886 0.015658
0 0.587988 0.565240 0.023233 0.027140
0 0.819081 0.436587 0.024716 0.012004
0 0.719723 0.326461 0.021750 0.019311
0 0.393969 0.547495 0.024716 0.033403
0 0.227632 0.586117 0.006426 0.018789
0 0.035838 0.365866 0.005437 0.008351
0 0.077855 0.727296 0.006426 0.005741
0 0.614681 0.694676 0.008403 0.009395
0 0.745922 0.559760 0.005932 0.005741
0 0.822294 0.547495 0.006426 0.006263
0 0.732244 0.446827 0.003529 0.002980
0 0.732897 0.415141 0.004439 0.003090
0 0.744701 0.380574 0.003025 0.004050
0 0.738799 0.395491 0.005146 0.007244
0 0.821221 0.374134 0.004538 0.003941
0 0.295250 0.487343 0.006797 0.003914
0 0.268478 0.492129 0.004736 0.004348
0 0.371251 0.526487 0.003089 0.003481