0 0.426710 0.770478 0.019544 0.047401
0 0.656555 0.407692 0.030537 0.046154
0 0.878257 0.170478 0.017101 0.039917
0 0.884772 0.964241 0.030945 0.056549
0 0.039699 0.541372 0.038681 0.034927
0 0.524023 0.545530 0.022801 0.033264
0 0.538070 0.125156 0.022394 0.056549
0 0.192182 0.318711 0.026059 0.032017
0 0.338151 0.510187 0.013436 0.089813
0 0.558021 0.711642 0.041938 0.031185
0 0.125204 0.825364 0.036238 0.029106
0 0.384365 0.362578 0.013029 0.014137
0 0.164088 0.113098 0.092834 0.032432
0 0.174878 0.380873 0.027280 0.018295
0 0.809853 0.395634 0.039902 0.042827
0 0.430985 0.380457 0.025651 0.039917
0 0.800692 0.202079 0.069625 0.062370
0 0.855252 0.303326 0.019951 0.023701
0 0.668160 0.628067 0.027687 0.049480
0 0.769544 0.677963 0.060261 0.019543
0 0.710098 0.860499 0.021173 0.034511
0 0.598534 0.140748 0.102606 0.051143
0 0.995521 0.520374 0.008958 0.016216
0 0.772801 0.550312 0.028502 0.022037
0 0.261197 0.481913 0.006107 0.004158
0 0.190554 0.652183 0.003257 0.003742
0 0.507533 0.640125 0.004479 0.004574
0 0.543974 0.492723 0.002443 0.004990
0 0.711055 0.509917 0.002349 0.002719
0 0.710704 0.314100 0.003270 0.002865