0 0.820578 0.377054 0.091232 0.081081
0 0.585656 0.245893 0.055246 0.028617
0 0.160669 0.743508 0.078054 0.055114
0 0.416624 0.682300 0.109478 0.066243
0 0.310188 0.294648 0.041561 0.158983
0 0.307400 0.894807 0.076533 0.127716
0 0.190319 0.108108 0.068424 0.072072
0 0.412823 0.311341 0.046123 0.064123
0 0.512671 0.362745 0.107957 0.071542
0 0.577547 0.750132 0.142423 0.067303
0 0.409782 0.476948 0.069437 0.064653
0 0.249620 0.568627 0.060314 0.195019
0 0.779270 0.607578 0.039027 0.091680
0 0.456665 0.344727 0.035479 0.030207
0 0.239483 0.351351 0.026863 0.040276
0 0.523061 0.908320 0.012164 0.015898