0 0.822401 0.343730 0.051980 0.044373
0 0.758045 0.302251 0.035891 0.015434
0 0.663366 0.372347 0.061881 0.041158
0 0.119121 0.532154 0.014233 0.013505
0 0.829208 0.524759 0.059406 0.042444
0 0.943069 0.625723 0.065594 0.057878
0 0.433787 0.752733 0.034653 0.062379
0 0.146040 0.767846 0.058168 0.045016
0 0.464418 0.298071 0.055074 0.062379
0 0.329827 0.638907 0.053218 0.028939
0 0.237624 0.662379 0.055693 0.083601
0 0.719678 0.436656 0.030941 0.048875
0 0.343131 0.251125 0.084777 0.068810
0 0.309406 0.349196 0.038366 0.070740
0 0.863861 0.395177 0.034653 0.058521
0 0.814666 0.575884 0.038985 0.025080
0 0.522277 0.398714 0.125000 0.093891
0 0.504641 0.052733 0.222153 0.105466
0 0.312191 0.631190 0.024134 0.012219