0 0.201090 0.206422 0.108434 0.055657
0 0.447217 0.240367 0.091222 0.112538
0 0.557085 0.459939 0.026391 0.037920
0 0.061102 0.497859 0.033850 0.067278
0 0.376076 0.767278 0.064831 0.045872
0 0.814114 0.286544 0.048193 0.033639
0 0.948078 0.701835 0.056799 0.059327
0 0.811819 0.407034 0.061962 0.049541
0 0.257602 0.611621 0.033276 0.063609
0 0.607286 0.379511 0.022375 0.056881
0 0.969019 0.377370 0.047045 0.064832
0 0.747849 0.647401 0.084337 0.040979
0 0.577453 0.585015 0.023523 0.040979
0 0.656627 0.824159 0.044177 0.148624
0 0.543029 0.261162 0.048766 0.031804
0 0.250143 0.389908 0.050488 0.064220
0 0.318703 0.968196 0.044177 0.037920
0 0.469019 0.870642 0.012048 0.017737