0 0.595884 0.661516 0.008593 0.009657
0 0.725011 0.115645 0.019900 0.024626
0 0.428087 0.781989 0.035730 0.089329
0 0.702623 0.287301 0.022162 0.018349
0 0.957711 0.217528 0.046585 0.033317
0 0.491859 0.457750 0.018544 0.012554
0 0.208503 0.549493 0.007237 0.021246
0 0.542515 0.264848 0.013116 0.024626
0 0.728856 0.768952 0.033921 0.026557
0 0.064224 0.088846 0.020805 0.040560
0 0.889417 0.669966 0.090005 0.013037
0 0.255540 0.914534 0.022614 0.042492
0 0.098598 0.134476 0.037087 0.053597
0 0.374491 0.510623 0.023519 0.035249
0 0.740841 0.877595 0.053370 0.017866
0 0.782225 0.467648 0.047490 0.014969
0 0.450023 0.282955 0.029851 0.031869
0 0.145635 0.309512 0.035278 0.059874
0 0.831298 0.240222 0.041610 0.042009
0 0.666441 0.560116 0.041158 0.057943
0 0.568521 0.529454 0.024423 0.027523
0 0.368838 0.049493 0.010403 0.014003
0 0.596336 0.116852 0.017639 0.017383
0 0.701493 0.693626 0.024423 0.049734
0 0.186567 0.912844 0.020353 0.012071
0 0.801447 0.399324 0.025328 0.011589
0 0.855495 0.363110 0.011307 0.047320
0 0.017865 0.325930 0.004975 0.008691
0 0.058797 0.691212 0.003618 0.004346
0 0.727273 0.524384 0.006332 0.004829
0 0.249435 0.453163 0.002261 0.002414
0 0.351651 0.488986 0.002610 0.002231
0 0.727259 0.341395 0.004034 0.004959
0 0.804514 0.336499 0.003302 0.003264
0 0.716137 0.377151 0.002813 0.002086