0 0.545746 0.285673 0.011771 0.024942
0 0.382290 0.533063 0.025147 0.038283
0 0.724987 0.129350 0.018192 0.023202
0 0.030498 0.356148 0.007491 0.013921
0 0.497057 0.477958 0.017121 0.015081
0 0.602194 0.678364 0.010166 0.011021
0 0.200107 0.936775 0.019262 0.012761
0 0.703852 0.304814 0.020867 0.019142
0 0.220439 0.574536 0.007491 0.023782
0 0.454254 0.306265 0.029963 0.033643
0 0.370251 0.067865 0.009631 0.019722
0 0.596576 0.136891 0.017121 0.013921
0 0.802033 0.783933 0.010701 0.005220
0 0.794810 0.765951 0.003745 0.004060
0 0.732210 0.540893 0.006956 0.007541
0 0.879160 0.661125 0.004302 0.002773
0 0.074494 0.719147 0.004938 0.005580
0 0.259080 0.479988 0.005516 0.003991
0 0.286415 0.474008 0.004682 0.003266
0 0.729823 0.359408 0.004735 0.004907
0 0.810797 0.322929 0.003291 0.002900
0 0.937175 0.115551 0.003943 0.006410