0 0.615152 0.305783 0.013774 0.019094
0 0.679890 0.239225 0.014325 0.024550
0 0.373003 0.969995 0.034160 0.025095
0 0.360606 0.526459 0.050138 0.014184
0 0.375207 0.648936 0.038567 0.020185
0 0.765289 0.650846 0.031956 0.054555
0 0.235813 0.758047 0.060606 0.070376
0 0.763912 0.146754 0.011570 0.027278
0 0.475207 0.347245 0.015978 0.045281
0 0.135537 0.228587 0.030854 0.091653
0 0.144077 0.524277 0.026997 0.135297
0 0.614876 0.040644 0.018733 0.064921
0 0.604959 0.451991 0.045179 0.036552
0 0.977961 0.400982 0.019835 0.022913
0 0.372176 0.158756 0.010468 0.012002
0 0.536088 0.718221 0.027548 0.034370
0 0.506612 0.608838 0.003857 0.002182
0 0.538292 0.462630 0.005510 0.007638
0 0.244353 0.460720 0.004959 0.004910
0 0.174931 0.633115 0.006061 0.003819