0 0.478635 0.881753 0.017211 0.015606
0 0.887537 0.089136 0.037389 0.037815
0 0.786944 0.394358 0.091395 0.072029
0 0.486944 0.362545 0.108605 0.062425
0 0.127596 0.710984 0.081899 0.047419
0 0.382493 0.467587 0.071810 0.056423
0 0.175074 0.100540 0.070030 0.064226
0 0.979525 0.133253 0.018398 0.009604
0 0.224036 0.546519 0.071810 0.181873
0 0.640950 0.931573 0.033234 0.061224
0 0.432641 0.344538 0.041543 0.028812
0 0.769436 0.195078 0.122849 0.068427
0 0.670623 0.149160 0.048665 0.040216
0 0.289911 0.287815 0.042136 0.153061
0 0.217211 0.338836 0.029674 0.039016
0 0.390801 0.310924 0.051632 0.058824
0 0.916024 0.254502 0.067062 0.066026
0 0.736499 0.608343 0.037982 0.084634
0 0.538576 0.733794 0.143027 0.066627
0 0.382196 0.663866 0.110386 0.066026
0 0.727003 0.041717 0.054599 0.018607
0 0.561128 0.255702 0.057567 0.022809
0 0.773591 0.155462 0.049258 0.031212
0 0.733828 0.118547 0.070623 0.065426
0 0.264095 0.849640 0.059347 0.090636
0 0.783680 0.286915 0.054006 0.036014