0 0.730769 0.146667 0.019462 0.024615
0 0.438601 0.840256 0.036608 0.092821
0 0.790083 0.513846 0.046339 0.014359
0 0.965014 0.251282 0.044949 0.034872
0 0.863299 0.402821 0.009268 0.049744
0 0.022011 0.370000 0.007878 0.012821
0 0.499537 0.504359 0.017609 0.014872
0 0.067655 0.124615 0.021316 0.043077
0 0.900139 0.722051 0.090361 0.014359
0 0.382298 0.557179 0.025950 0.042564
0 0.605422 0.714103 0.009731 0.009744
0 0.195783 0.978462 0.020853 0.012308
0 0.549351 0.304872 0.011585 0.025128
0 0.102641 0.170513 0.036608 0.055897
0 0.753012 0.937179 0.051900 0.018974
0 0.216636 0.601282 0.006951 0.022051
0 0.456673 0.324103 0.030120 0.034872
0 0.150834 0.352051 0.034754 0.060000
0 0.838740 0.277436 0.040778 0.041026
0 0.675857 0.608205 0.035681 0.058462
0 0.372567 0.079231 0.010195 0.015897
0 0.577386 0.577692 0.023170 0.028205
0 0.601715 0.146667 0.017146 0.021538
0 0.809546 0.442821 0.025950 0.011795
0 0.709685 0.326923 0.020853 0.020000
0 0.736330 0.572308 0.005561 0.005128
0 0.735181 0.384000 0.004032 0.005462
0 0.728883 0.399944 0.003930 0.004123
0 0.812651 0.377200 0.004231 0.004569
0 0.066265 0.750256 0.006951 0.007179
0 0.256112 0.502169 0.004277 0.002759
0 0.359754 0.538267 0.006237 0.005918