0 0.060923 0.380614 0.121846 0.063623
0 0.570656 0.500374 0.032444 0.038174
0 0.847513 0.869386 0.064167 0.141467
0 0.935112 0.598428 0.077866 0.068114
0 0.555516 0.697979 0.038212 0.051647
0 0.285148 0.547904 0.059841 0.040419
0 0.321197 0.308383 0.082913 0.067365
0 0.773252 0.495135 0.035328 0.090569
0 0.595169 0.595060 0.041096 0.043413
0 0.216655 0.174775 0.028118 0.075599
0 0.112833 0.619012 0.058399 0.080838
0 0.893655 0.219311 0.061283 0.043413
0 0.716655 0.727919 0.046143 0.045659
0 0.480173 0.638847 0.051911 0.129491
0 0.578947 0.305389 0.038933 0.080838
0 0.614275 0.776946 0.056236 0.116766
0 0.719539 0.153443 0.100937 0.037425
0 0.205479 0.785554 0.089402 0.083084