0 0.742126 0.090936 0.018560 0.024289
0 0.719348 0.270735 0.022497 0.018957
0 0.212598 0.546505 0.005624 0.021919
0 0.382171 0.503555 0.026434 0.036730
0 0.503093 0.448164 0.018560 0.013626
0 0.685039 0.547986 0.037120 0.058057
0 0.010405 0.318720 0.009561 0.014218
0 0.612486 0.652547 0.008999 0.010071
0 0.193757 0.914988 0.019685 0.012441
0 0.607424 0.097453 0.016873 0.013626
0 0.457818 0.270735 0.031496 0.031991
0 0.369798 0.026955 0.010686 0.018365
0 0.553712 0.250296 0.011811 0.025474
0 0.811867 0.740818 0.003937 0.004147
0 0.818616 0.758886 0.009561 0.004739
0 0.583240 0.519846 0.024747 0.026659
0 0.747750 0.512441 0.007312 0.005924
0 0.060742 0.693128 0.005624 0.007109
0 0.252250 0.448164 0.005062 0.005332
0 0.823116 0.447571 0.006187 0.006517
0 0.783577 0.330201 0.004151 0.002524
0 0.746693 0.325924 0.004331 0.003691
0 0.962880 0.077310 0.003375 0.006517
0 0.831654 0.288821 0.004798 0.004929
0 0.416620 0.028513 0.004218 0.002814