0 0.253444 0.468291 0.055582 0.031971
0 0.193112 0.459644 0.028979 0.033543
0 0.264608 0.741352 0.035154 0.058176
0 0.730166 0.615042 0.077910 0.137841
0 0.730641 0.405136 0.085511 0.049266
0 0.621615 0.225367 0.028029 0.033543
0 0.747981 0.276992 0.077435 0.052935
0 0.527553 0.396226 0.054632 0.053459
0 0.411164 0.684748 0.031829 0.157757
0 0.466033 0.807128 0.091211 0.197065
0 0.497150 0.936845 0.011876 0.017296
0 0.788599 0.719078 0.085511 0.044025
0 0.896912 0.716981 0.056057 0.083857
0 0.949644 0.093816 0.049406 0.083857
0 0.358670 0.057128 0.104513 0.063941
0 0.097150 0.160377 0.029929 0.056604
0 0.533967 0.074423 0.062708 0.034591
0 0.631591 0.683438 0.025178 0.034591
0 0.525891 0.415094 0.046556 0.051363
0 0.800950 0.426887 0.032304 0.070755
0 0.669834 0.434748 0.026603 0.060273