0 0.123275 0.293780 0.072585 0.070652
0 0.484703 0.465882 0.094781 0.088768
0 0.359028 0.639191 0.066587 0.062198
0 0.871326 0.808273 0.068986 0.070652
0 0.099280 0.845713 0.060588 0.074275
0 0.682963 0.512983 0.109778 0.127415
0 0.636173 0.216184 0.089382 0.071256
0 0.191662 0.967995 0.071386 0.044686
0 0.311938 0.126812 0.059988 0.084541
0 0.342933 0.444849 0.065987 0.120773
0 0.522897 0.815217 0.029994 0.060386
0 0.605879 0.564614 0.115975 0.082530
0 0.684865 0.405598 0.117978 0.062397
0 0.801842 0.510266 0.087984 0.074475
0 0.812837 0.923913 0.077984 0.068436