0 0.511010 0.591707 0.023093 0.105263
0 0.383190 0.137959 0.150913 0.129187
0 0.792696 0.322169 0.069817 0.070175
0 0.801826 0.145136 0.038668 0.019139
0 0.746509 0.803296 0.051557 0.052100
0 0.116004 0.368155 0.044039 0.027113
0 0.298872 0.450292 0.071429 0.077618
0 0.396617 0.455343 0.052095 0.059011
0 0.802363 0.556087 0.234157 0.075492
0 0.059345 0.738703 0.033835 0.087719
0 0.499731 0.818182 0.093985 0.043594
0 0.548604 0.709729 0.040279 0.056353
0 0.305048 0.235779 0.082707 0.049442
0 0.443609 0.364965 0.052632 0.034556
0 0.392589 0.147794 0.116004 0.094631
0 0.203813 0.603934 0.061762 0.082935
0 0.489527 0.681552 0.072503 0.075492
0 0.121643 0.227804 0.041353 0.045189
0 0.478786 0.319777 0.087540 0.087719
0 0.667025 0.558480 0.054780 0.048379