0 0.408220 0.573966 0.072113 0.077943
0 0.673222 0.427625 0.028240 0.057794
0 0.377711 0.889979 0.048411 0.054613
0 0.941755 0.111347 0.046899 0.074231
0 0.710540 0.656151 0.181543 0.059915
0 0.457388 0.497084 0.085729 0.033404
0 0.852748 0.870891 0.179526 0.101273
0 0.190368 0.129374 0.087242 0.031813
0 0.369138 0.036055 0.079677 0.060445
0 0.108169 0.128314 0.056984 0.037116
0 0.475794 0.906151 0.074130 0.018028
0 0.042612 0.909597 0.050933 0.049311
0 0.225920 0.677625 0.080686 0.022269
0 0.181291 0.638918 0.045890 0.046660
0 0.855270 0.527572 0.030257 0.051962
0 0.570852 0.722428 0.065557 0.099152
0 0.422592 0.317073 0.077660 0.086957
0 0.285678 0.340403 0.050933 0.164369