0 0.723788 0.184942 0.124135 0.038300
0 0.383284 0.903463 0.047478 0.056663
0 0.438675 0.335257 0.076162 0.086044
0 0.951286 0.144544 0.044016 0.075026
0 0.469090 0.513379 0.084570 0.035152
0 0.848912 0.893757 0.173591 0.103358
0 0.824926 0.458027 0.113749 0.097587
0 0.193620 0.650315 0.045994 0.047744
0 0.211672 0.141396 0.086053 0.029906
0 0.418892 0.588667 0.070227 0.077650
0 0.665183 0.282267 0.065282 0.120672
0 0.049951 0.917366 0.050445 0.049843
0 0.129822 0.137985 0.054896 0.037775
0 0.857814 0.553253 0.030168 0.052991
0 0.389960 0.052991 0.079624 0.062959
0 0.236647 0.688615 0.079624 0.021511
0 0.825173 0.289349 0.210188 0.114900
0 0.576657 0.741081 0.065282 0.099161
0 0.714886 0.680220 0.177547 0.067681
0 0.824431 0.199370 0.117705 0.035677
0 0.681009 0.451207 0.026706 0.057712
0 0.478981 0.920776 0.072700 0.017838
0 0.303412 0.356243 0.051929 0.162644