0 0.345312 0.976204 0.033689 0.027615
0 0.750140 0.656580 0.033689 0.062867
0 0.471364 0.323737 0.015160 0.047004
0 0.681359 0.217391 0.016283 0.025852
0 0.216732 0.747944 0.057271 0.074031
0 0.359068 0.639542 0.039865 0.025264
0 0.598259 0.438602 0.045480 0.039365
0 0.138405 0.517920 0.017406 0.106345
0 0.974733 0.399824 0.020213 0.025264
0 0.518248 0.718860 0.028074 0.038190
0 0.376755 0.122797 0.012353 0.014101
0 0.613700 0.285253 0.015722 0.020564
0 0.344469 0.506463 0.067939 0.031727
0 0.235542 0.434783 0.005053 0.007051