0 0.427423 0.845780 0.037506 0.089514
0 0.703848 0.347570 0.022406 0.018926
0 0.133950 0.369565 0.036045 0.058824
0 0.962494 0.279028 0.046761 0.034271
0 0.201169 0.612276 0.006819 0.021483
0 0.489528 0.518926 0.017535 0.013811
0 0.540429 0.324808 0.012177 0.025575
0 0.894057 0.731714 0.092060 0.014834
0 0.183877 0.978261 0.020945 0.012788
0 0.745007 0.939642 0.053093 0.018414
0 0.784705 0.529668 0.047735 0.014834
0 0.445689 0.342967 0.030200 0.032225
0 0.725524 0.173913 0.019971 0.024552
0 0.834632 0.300256 0.041403 0.042967
0 0.668777 0.620972 0.036045 0.054220
0 0.360205 0.103836 0.010229 0.015345
0 0.568436 0.591560 0.023380 0.027110
0 0.594496 0.175703 0.017048 0.014834
0 0.805650 0.460358 0.025329 0.011253
0 0.859230 0.423785 0.009742 0.048593
0 0.369946 0.572890 0.023868 0.034783
0 0.729825 0.586532 0.008768 0.006818
0 0.597336 0.723954 0.008768 0.011596
0 0.745738 0.685934 0.004223 0.003749
0 0.876824 0.709749 0.003283 0.003212
0 0.865723 0.713079 0.004871 0.002972
0 0.002679 0.385934 0.005358 0.011765
0 0.346624 0.550220 0.002898 0.002767
0 0.241111 0.515171 0.004345 0.002072
0 0.049547 0.757673 0.006240 0.005754