0 0.832324 0.241873 0.039377 0.041242
0 0.467114 0.755944 0.036781 0.090247
0 0.601039 0.676128 0.009520 0.011160
0 0.705755 0.290878 0.022501 0.018923
0 0.033319 0.333576 0.006923 0.011160
0 0.957378 0.217855 0.045435 0.033964
0 0.727391 0.111354 0.019905 0.023775
0 0.077672 0.089034 0.020338 0.043183
0 0.889875 0.685347 0.089572 0.014071
0 0.438555 0.799127 0.034184 0.090247
0 0.112289 0.135371 0.035050 0.055313
0 0.285374 0.711790 0.022068 0.094129
0 0.744916 0.897137 0.052358 0.018438
0 0.499567 0.467492 0.022068 0.015041
0 0.784076 0.476953 0.047598 0.015526
0 0.222847 0.562591 0.005193 0.020864
0 0.670705 0.571082 0.035482 0.056283
0 0.158157 0.316594 0.033319 0.059680
0 0.044137 0.680252 0.077888 0.044639
0 0.456945 0.287967 0.029424 0.032508
0 0.856772 0.368753 0.009520 0.049491
0 0.732367 0.786269 0.033319 0.027656
0 0.375595 0.043911 0.010385 0.016982
0 0.574210 0.541000 0.022501 0.028142
0 0.600389 0.112809 0.016876 0.019893
0 0.705106 0.708879 0.023799 0.049491
0 0.548248 0.268802 0.012116 0.025230
0 0.202293 0.934740 0.020338 0.013100
0 0.803332 0.406356 0.025530 0.012130
0 0.384249 0.522319 0.023367 0.034449
0 0.269364 0.935953 0.021203 0.042698
0 0.731017 0.348210 0.003245 0.003789
0 0.806672 0.341538 0.005002 0.003789
0 0.724184 0.363901 0.002839 0.002426
0 0.726486 0.346618 0.004461 0.003033
0 0.703090 0.359277 0.004461 0.004095
0 0.730636 0.535420 0.006491 0.006308
0 0.420156 0.046041 0.003479 0.003901
0 0.937006 0.102096 0.005050 0.006065