0 0.2087072072072072 0.27921163772876584 0.10810810810810811 0.14234162365086814
0 0.4849864864864865 0.08446738620366025 0.11111261261261261 0.1376489910839981
0 0.4136621621621622 0.27921163772876584 0.07657657657657657 0.09229000469263256
0 0.38213063063063063 0.3542937587986861 0.08558558558558559 0.048488972313467854
0 0.5030045045045045 0.2682637259502581 0.04204054054054054 0.095415297982168
0 0.5510495495495495 0.3793195682778039 0.04804954954954955 0.0735194744251525
0 0.5698198198198198 0.48568747067104645 0.14564414414414414 0.07977475363679024
0 0.6666666666666666 0.4997653683716565 0.05104954954954955 0.08603003284842797
0 0.42492342342342343 0.5857954012200844 0.1021036036036036 0.0985452839042703
0 0.3070585585585585 0.5193195682778039 0.08558558558558559 0.1720647583294228
0 0.21396396396396397 0.6342890661661192 0.08558558558558559 0.04536367902393243
0 0.22222072072072072 0.8133880807132802 0.10510360360360362 0.08446738620366025
0 0.4451936936936937 0.7539511966213046 0.1005990990990991 0.09072266541529798
0 0.545045045045045 0.885344908493665 0.10810810810810811 0.0625668700140779
0 0.7905405405405406 0.9103707179727827 0.0945945945945946 0.0656968559361802
0 0.7042027027027027 0.7375269826372596 0.05705855855855856 0.09229000469263256
0 0.8235720720720721 0.7883622712341624 0.04954954954954955 0.07195213514781792
0 0.8978963963963964 0.7437822618488973 0.06306306306306306 0.07038948850305021
0 0.8400900900900901 0.38244955419990617 0.052554054054054056 0.08603003284842797
0 0.850599099099099 0.45440168934772407 0.07958108108108107 0.04223369310183012
0 0.7267252252252252 0.18066635382449553 0.10810810810810811 0.11106053496011262
0 0.05855855855855856 0.4090427029563585 0.11411261261261262 0.18301267010793054