0 0.02595529920692141 0.34880239520958084 0.033886085075702954 0.35104790419161674 0.04830569574621485 0.36077844311377244 0.061283345349675555 0.3652694610778443 0.07354001441961067 0.37425149700598803 0.09156452775775054 0.38248502994011974 0.11679884643114635 0.38997005988023953 0.12184571016582552 0.39745508982035926 0.12184571016582552 0.405688622754491 0.11896178803172314 0.4124251497005988 0.09877433309300648 0.40793413173652693 0.05912040374909877 0.3937125748502994 0 0.36751497005988026 0 0.35778443113772457 0.014419610670511895 0.3502994011976048 0.025234318673395817 0.34880239520958084
0 0.5674116798846431 0.4812874251497006 0.5767844268204758 0.48353293413173654 0.5868781542898341 0.49326347305389223 0.5868781542898341 0.49700598802395207 0.5767844268204758 0.5142215568862275 0.5702956020187455 0.5149700598802395 0.5638067772170151 0.5194610778443114 0.5602018745493872 0.5179640718562875 0.5558759913482336 0.5082335329341318 0.5544340302811824 0.49101796407185627 0.5573179524152848 0.48278443113772457 0.5666906993511175 0.4812874251497006
0 0.852198990627253 0.8106287425149701 0.8709444844989185 0.8383233532934131 0.8702235039653929 0.8473053892215568 0.8795962509012256 0.9019461077844312 0.8795962509012256 0.9281437125748503 0.8767123287671232 0.9401197604790419 0.8738284066330209 0.937125748502994 0.8723864455659697 0.9281437125748503 0.8651766402307137 0.9184131736526946 0.8421052631578947 0.8922155688622755 0.8175919250180245 0.8697604790419161 0.8154289834174477 0.8637724550898204 0.8161499639509733 0.8458083832335329 0.8240807498197549 0.8091317365269461 0.8305695746214852 0.8031437125748503 0.8421052631578947 0.7986526946107785 0.8514780100937275 0.8106287425149701
0 0.9351117519826965 0.5984281437125748 0.07786589762076424 0.06811377245508982
0 0.5681326604181687 0.6721556886227545 0.5739005046863734 0.6766467065868264 0.5746214852198991 0.6848802395209581 0.5436193222782985 0.7238023952095808 0.5371304974765682 0.7230538922155688 0.5364095169430425 0.7163173652694611 0.5486661860129777 0.6983532934131736 0.5623648161499639 0.6721556886227545 0.5674116798846431 0.6721556886227545
0 0.28514780100937276 0.5479041916167665 0.059841384282624366 0.040419161676646706
0 0.35328046142754144 0.2754491017964072 0.3597692862292718 0.2791916167664671 0.36265320836337417 0.29191616766467066 0.3619322278298486 0.3315868263473054 0.3583273251622206 0.33532934131736525 0.35255948089401584 0.33682634730538924 0.3013698630136986 0.34206586826347307 0.2891131939437635 0.34206586826347307 0.28478731074260993 0.3383233532934132 0.28406633020908434 0.3241017964071856 0.27974044700793077 0.30538922155688625 0.27974044700793077 0.2926646706586826 0.2891131939437635 0.28592814371257486 0.3064167267483778 0.280688622754491 0.334534967555876 0.2776946107784431 0.3410237923576063 0.2747005988023952 0.35255948089401584 0.2754491017964072
0 0.7858687815428983 0.4498502994011976 0.7894736842105263 0.46182634730538924 0.7909156452775775 0.5396706586826348 0.779379956741168 0.5404191616766467 0.7649603460706561 0.5366766467065869 0.7613554434030281 0.5299401197604791 0.7555875991348233 0.5067365269461078 0.7584715212689257 0.49476047904191617 0.7851478010093728 0.4505988023952096
0 0.589041095890411 0.5733532934131736 0.6128334534967556 0.5898203592814372 0.6157173756308579 0.5950598802395209 0.6092285508291276 0.6077844311377245 0.6020187454938717 0.6145209580838323 0.5955299206921413 0.6167664670658682 0.5912040374909877 0.6152694610778443 0.5746214852198991 0.5995508982035929 0.578226387887527 0.5875748502994012 0.5883201153568853 0.5733532934131736
0 0.22350396539293438 0.13697604790419163 0.22999279019466473 0.1437125748502994 0.23071377072819033 0.1624251497005988 0.22855082912761354 0.16766467065868262 0.22999279019466473 0.18038922155688622 0.22782984859408795 0.19535928143712575 0.2213410237923576 0.20658682634730538 0.22422494592645997 0.20958083832335328 0.21341023792357605 0.2125748502994012 0.2054794520547945 0.2118263473053892 0.20259552992069213 0.19086826347305388 0.20259552992069213 0.18787425149700598 0.2069214131218457 0.18338323353293412 0.2076423936553713 0.16392215568862276 0.21124729632299927 0.1594311377245509 0.21124729632299927 0.15568862275449102 0.2069214131218457 0.15119760479041916 0.20908435472242248 0.1474550898203593 0.2076423936553713 0.1437125748502994 0.20980533525594808 0.13997005988023953 0.22278298485940878 0.13697604790419163
0 0.11607786589762076 0.5793413173652695 0.11968276856524873 0.5785928143712575 0.136986301369863 0.5898203592814372 0.14203316510454217 0.5965568862275449 0.14059120403749098 0.6032934131736527 0.1232876712328767 0.6354790419161677 0.10742609949531362 0.6594311377245509 0.10093727469358327 0.6586826347305389 0.083633741888969 0.6444610778443114 0.08507570295602018 0.6369760479041916 0.11607786589762076 0.5800898203592815
0 0.8781542898341744 0.1998502994011976 0.905551550108147 0.20434131736526945 0.9192501802451334 0.20958083832335328 0.9221341023792358 0.2148203592814371 0.9242970439798125 0.2312874251497006 0.9242970439798125 0.23877245508982037 0.9221341023792358 0.2410179640718563 0.8658976207642394 0.2372754491017964 0.863013698630137 0.2028443113772455 0.8687815428983418 0.19760479041916168 0.8774333093006489 0.1998502994011976
0 0.7202595529920692 0.7058383233532934 0.7354001441961067 0.7200598802395209 0.7397260273972602 0.7282934131736527 0.7368421052631579 0.7335329341317365 0.7101658255227109 0.750748502994012 0.7065609228550829 0.7485029940119761 0.6986301369863014 0.7357784431137725 0.6935832732516222 0.7223053892215568 0.7087238644556597 0.7095808383233533 0.7166546503244412 0.7050898203592815 0.7195385724585436 0.7058383233532934
0 0.47656813266041814 0.5741017964071856 0.4823359769286229 0.6235029940119761 0.48666186012977647 0.6302395209580839 0.5025234318673396 0.6437125748502994 0.5061283345349675 0.6519461077844312 0.4837779379956741 0.6714071856287425 0.4808940158615717 0.688622754491018 0.47584715212689255 0.7028443113772455 0.4700793078586878 0.7035928143712575 0.4700793078586878 0.6983532934131736 0.47656813266041814 0.6856287425149701 0.4787310742609949 0.6736526946107785 0.467916366258111 0.6669161676646707 0.4542177361211247 0.6437125748502994 0.4578226387887527 0.5883233532934131 0.46286950252343184 0.5808383233532934 0.47584715212689255 0.5748502994011976
0 0.5984138428262437 0.26497005988023953 0.5897620764239365 0.3083832335329341 0.5832732516222062 0.31961077844311375 0.5616438356164384 0.3458083832335329 0.5594808940158615 0.34281437125748504 0.5602018745493872 0.3263473053892216 0.5638067772170151 0.3083832335329341 0.5919250180245134 0.26721556886227543 0.5976928622927181 0.26497005988023953
0 0.6380677721701514 0.719311377245509 0.6416726748377793 0.7230538922155688 0.642393655371305 0.7297904191616766 0.6229271809661139 0.8300898203592815 0.6157173756308579 0.8338323353293413 0.5933669790915646 0.8353293413173652 0.5883201153568853 0.8353293413173652 0.5861571737563086 0.8308383233532934 0.6128334534967556 0.7238023952095808 0.6178803172314348 0.718562874251497 0.6373467916366258 0.719311377245509
0 0.7007930785868781 0.1347305389221557 0.7534246575342466 0.14520958083832336 0.768565248738284 0.14595808383233533 0.7700072098053352 0.15568862275449102 0.7678442682047585 0.16167664670658682 0.7606344628695025 0.16541916167664672 0.6798846431146359 0.1721556886227545 0.6705118961788031 0.17140718562874252 0.669069935111752 0.1691616766467066 0.6705118961788031 0.1624251497005988 0.6914203316510454 0.13997005988023953 0.7000720980533526 0.1347305389221557
0 0.1643835616438356 0.7440119760479041 0.18168709444844988 0.7574850299401198 0.18961788031723142 0.7589820359281437 0.20187454938716654 0.7709580838323353 0.2494592645998558 0.8001497005988024 0.2501802451333814 0.8038922155688623 0.24585436193222782 0.8076347305389222 0.18889689978370583 0.8270958083832335 0.18529199711607786 0.8248502994011976 0.18168709444844988 0.8173652694610778 0.16798846431146358 0.7679640718562875 0.16077865897620763 0.749251497005988 0.16077865897620763 0.7447604790419161 0.16366258111031 0.7440119760479041