0 0.20582892839980776 0.28981854838709675 0.10411821239788563 0.14953125
0 0.5165785679961556 0.08736391129032259 0.12013455069678039 0.14449092741935485
0 0.7760691975012013 0.18733366935483872 0.12654012493993272 0.1159274193548387
0 0.4404949543488707 0.29485887096774194 0.08970206631427198 0.08904737903225805
0 0.5317972128784239 0.2856199596774193 0.06407015857760692 0.07056451612903226
0 0.5838539163863528 0.3914667338709677 0.04324843825084094 0.07056451612903226
0 0.5942671792407497 0.4998336693548387 0.16978856319077365 0.08232358870967743
0 0.7119990389235945 0.5216733870967742 0.04324843825084094 0.08904737903225805
0 0.7528447861604998 0.7619304435483871 0.048053820278712155 0.0722429435483871
0 0.8737770302739067 0.8165322580645161 0.03043248438250841 0.053765120967741935
0 0.9530658337337818 0.7644506048387097 0.05766458433445459 0.08736391129032259
0 0.9002066314271985 0.46622983870967744 0.06086977414704469 0.04200100806451613
0 0.8841902931283037 0.4057459677419355 0.08970206631427198 0.07896673387096774
0 0.3163527150408458 0.5435131048387096 0.07848630466122057 0.17641129032258066
0 0.22905814512253725 0.6577620967741935 0.06086977414704469 0.055443548387096774
0 0.07608361364728497 0.4343094758064516 0.13935607880826525 0.17977318548387097
0 0.3988467083133109 0.36794354838709675 0.07368092263334935 0.053765120967741935
0 0.4813407015857761 0.7837701612903226 0.12333974050937051 0.08904737903225805
0 0.2394666025949063 0.8501360887096775 0.11372897645362806 0.09744455645161292
0 0.5862566074002883 0.9282610887096775 0.09290245074483422 0.05208165322580645