0 0.486646884272997 0.8763505402160864 0.4872403560830861 0.8853541416566627 0.48427299703264093 0.8895558223289316 0.47477744807121663 0.8865546218487395 0.47002967359050446 0.879951980792317 0.47002967359050446 0.8763505402160864 0.47477744807121663 0.8739495798319328 0.486053412462908 0.8763505402160864
0 0.8913946587537092 0.0702280912364946 0.8973293768545995 0.0744297719087635 0.9062314540059347 0.09843937575030012 0.9056379821958457 0.1056422569027611 0.8997032640949555 0.10804321728691477 0.8884272997032641 0.10624249699879952 0.8729970326409495 0.08763505402160865 0.8688427299703264 0.07923169267707082 0.8688427299703264 0.0744297719087635 0.8724035608308606 0.07142857142857142 0.8908011869436202 0.0702280912364946
0 0.8142433234421365 0.35834333733493395 0.8207715133531157 0.36134453781512604 0.8237388724035608 0.3667466986794718 0.8326409495548961 0.41116446578631455 0.829080118694362 0.4135654261704682 0.7827893175074184 0.4237695078031212 0.7655786350148368 0.43037214885954383 0.7578635014836795 0.43037214885954383 0.7537091988130564 0.4279711884753902 0.741246290801187 0.3697478991596639 0.7465875370919881 0.36614645858343337 0.7632047477744807 0.3625450180072029 0.8136498516320475 0.35834333733493395
0 0.5050445103857567 0.33133253301320525 0.5412462908011869 0.3487394957983193 0.5394658753709198 0.35234093637454983 0.47596439169139465 0.38055222088835533 0.4397626112759644 0.3937575030012005 0.4350148367952522 0.39315726290516206 0.4326409495548961 0.39015606242497 0.4350148367952522 0.382953181272509 0.4836795252225519 0.34093637454981995 0.49792284866468844 0.33133253301320525 0.5044510385756676 0.33133253301320525
0 0.16083086053412463 0.6872749099639855 0.16498516320474776 0.6896758703481393 0.1685459940652819 0.6974789915966386 0.16676557863501484 0.7034813925570228 0.15014836795252226 0.7112845138055222 0.1406528189910979 0.7220888355342137 0.13471810089020772 0.7256902761104442 0.1169139465875371 0.7280912364945978 0.0973293768545994 0.7346938775510204 0.09258160237388724 0.734093637454982 0.08902077151335312 0.7304921968787516 0.08664688427299704 0.723889555822329 0.08783382789317508 0.71968787515006 0.1519287833827893 0.6884753901560624 0.16023738872403562 0.6872749099639855
0 0.4077151335311573 0.43937575030012005 0.4112759643916914 0.4417767106842737 0.4148367952522255 0.4495798319327731 0.41839762611275966 0.46218487394957986 0.4172106824925816 0.46638655462184875 0.3804154302670623 0.4879951980792317 0.3626112759643917 0.4957983193277311 0.3578635014836795 0.49459783913565425 0.3519287833827893 0.48619447779111646 0.34658753709198814 0.4699879951980792 0.36735905044510386 0.4561824729891957 0.40118694362017804 0.4399759903961585 0.40712166172106823 0.43937575030012005
0 0.1798219584569733 0.06842737094837935 0.20118694362017805 0.08523409363745499 0.21008902077151334 0.10324129651860744 0.19762611275964392 0.11224489795918367 0.19228486646884274 0.12665066026410565 0.17922848664688426 0.1326530612244898 0.1626112759643917 0.12725090036014405 0.15786350148367953 0.12244897959183673 0.15548961424332344 0.11524609843937575 0.1400593471810089 0.09903961584633854 0.1400593471810089 0.09483793517406963 0.14540059347181009 0.09183673469387756 0.16379821958456972 0.08763505402160865 0.1744807121661721 0.06902761104441776 0.17922848664688426 0.06842737094837935
0 0.9786350148367953 0.12845138055222088 0.9887240356083086 0.1332533013205282 0.9881305637982196 0.1368547418967587 0.9845697329376855 0.13805522208883553 0.9774480712166173 0.13805522208883553 0.9703264094955489 0.1332533013205282 0.970919881305638 0.1290516206482593 0.9780415430267062 0.12845138055222088
0 0.2486646884272997 0.45558223289315725 0.256973293768546 0.4651860744297719 0.2599406528189911 0.4771908763505402 0.25281899109792283 0.48739495798319327 0.24807121661721068 0.5048019207683073 0.2403560830860534 0.521608643457383 0.23620178041543027 0.5498199279711885 0.2308605341246291 0.5642256902761105 0.22967359050445105 0.5996398559423769 0.2314540059347181 0.6056422569027611 0.24807121661721068 0.6218487394957983 0.24925816023738873 0.6302521008403361 0.2314540059347181 0.6296518607442977 0.22729970326409496 0.6362545018007203 0.22373887240356083 0.6374549819927972 0.20949554896142433 0.6278511404561825 0.1946587537091988 0.6092436974789915 0.18813056379821957 0.5984393757503002 0.1887240356083086 0.5894357743097239 0.21186943620178042 0.5264105642256903 0.2201780415430267 0.4939975990396158 0.23026706231454006 0.47118847539015607 0.2338278931750742 0.4651860744297719 0.24807121661721068 0.45558223289315725
0 0.6474777448071216 0.9021608643457383 0.6510385756676558 0.907563025210084 0.657566765578635 0.9501800720288115 0.6510385756676558 0.9567827130852341 0.6373887240356083 0.9621848739495799 0.6332344213649852 0.9615846338535414 0.6314540059347181 0.9585834333733494 0.6243323442136498 0.9093637454981993 0.6403560830860534 0.9009603841536614 0.6468842729970327 0.9021608643457383
0 0.4433234421364985 0.33133253301320525 0.44985163204747775 0.336734693877551 0.45341246290801185 0.34813925570228094 0.44985163204747775 0.3565426170468187 0.4456973293768546 0.3589435774309724 0.42492581602373886 0.3553421368547419 0.4118694362017804 0.3487394957983193 0.4142433234421365 0.3403361344537815 0.42195845697329376 0.33013205282112845 0.4427299703264095 0.33133253301320525
0 0.8059347181008902 0.1608643457382953 0.827893175074184 0.17647058823529413 0.8308605341246291 0.18187274909963985 0.8136498516320475 0.19627851140456182 0.801780415430267 0.2028811524609844 0.741246290801187 0.22929171668667467 0.7293768545994065 0.22749099639855944 0.7103857566765579 0.21308523409363744 0.7080118694362018 0.20888355342136855 0.7163204747774481 0.20228091236494597 0.7347181008902077 0.19387755102040816 0.7697329376854599 0.17286914765906364 0.7976261127596439 0.1608643457382953 0.8053412462908012 0.1608643457382953
0 0.6765578635014837 0.1290516206482593 0.6807121661721068 0.13085234093637454 0.687833827893175 0.1404561824729892 0.6902077151335312 0.15786314525810324 0.6949554896142434 0.16806722689075632 0.6931750741839763 0.16926770708283315 0.6884272997032641 0.16866746698679472 0.6462908011869436 0.13385354141656663 0.657566765578635 0.12965186074429771 0.6759643916913947 0.1290516206482593
0 0.26884272997032643 0.2112845138055222 0.27596439169139464 0.2118847539015606 0.2818991097922849 0.21728691476590636 0.29673590504451036 0.24009603841536614 0.3074183976261128 0.26830732292917164 0.3109792284866469 0.2965186074429772 0.3074183976261128 0.3619447779111645 0.3026706231454006 0.36434573829531813 0.29614243323442135 0.36134453781512604 0.29614243323442135 0.2737094837935174 0.28724035608308607 0.24669867947178872 0.26884272997032643 0.21668667466986793 0.26884272997032643 0.2118847539015606
0 0.2201780415430267 0.32112845138055224 0.229080118694362 0.3241296518607443 0.23204747774480713 0.3277310924369748 0.229080118694362 0.3565426170468187 0.22729970326409496 0.35834333733493395 0.21127596439169138 0.3559423769507803 0.20237388724035607 0.3487394957983193 0.2083086053412463 0.3205282112845138 0.21305637982195846 0.31932773109243695 0.2195845697329377 0.32112845138055224
0 0.4130563798219585 0.2815126050420168 0.41543026706231456 0.28271308523409366 0.4166172106824926 0.28811524609843936 0.4077151335311573 0.3235294117647059 0.4023738872403561 0.33733493397358943 0.39703264094955487 0.3403361344537815 0.3661721068249258 0.3319327731092437 0.3649851632047478 0.3241296518607443 0.36735905044510386 0.31092436974789917 0.37091988130563797 0.3037214885954382 0.39347181008902077 0.28691476590636256 0.40474777448071214 0.28211284513805523 0.4124629080118694 0.2815126050420168
0 0.9323442136498516 0.22148859543817526 0.94540059347181 0.23469387755102042 0.9495548961424333 0.24369747899159663 0.9495548961424333 0.251500600240096 0.943026706231454 0.25930372148859543 0.9311572700296736 0.2665066026410564 0.914540059347181 0.28211284513805523 0.9044510385756677 0.287515006002401 0.8979228486646884 0.2857142857142857 0.886646884272997 0.2725090036014406 0.8824925816023739 0.2653061224489796 0.8830860534124629 0.258703481392557 0.91513353115727 0.226890756302521 0.9216617210682493 0.22268907563025211 0.9317507418397626 0.22148859543817526
0 0.7264094955489614 0.5678271308523409 0.7477744807121661 0.5804321728691476 0.7543026706231454 0.5882352941176471 0.7554896142433234 0.5966386554621849 0.7548961424332344 0.6440576230492197 0.7317507418397626 0.6506602641056423 0.7198813056379822 0.648859543817527 0.7175074183976261 0.6422569027611045 0.7186943620178041 0.5672268907563025 0.7216617210682492 0.5660264105642256 0.7258160237388724 0.5678271308523409
0 0.47418397626112757 0.7004801920768308 0.6041543026706232 0.737094837935174 0.6100890207715134 0.7436974789915967 0.6089020771513353 0.7635054021608644 0.6065281899109792 0.7671068427370948 0.5863501483679525 0.7617046818727491 0.5169139465875371 0.734093637454982 0.47181008902077154 0.7202881152460985 0.4676557863501484 0.7166866746698679 0.46706231454005936 0.7052821128451381 0.46943620178041545 0.7004801920768308 0.47359050445103856 0.7004801920768308
0 0.3560830860534125 0.6338535414165666 0.4356083086053412 0.6800720288115246 0.4373887240356083 0.6860744297719088 0.4332344213649852 0.6926770708283313 0.42729970326409494 0.6968787515006002 0.4130563798219585 0.6920768307322929 0.32997032640949553 0.6464585834333734 0.32700296735905043 0.6404561824729892 0.3359050445103858 0.6386554621848739 0.34480712166172106 0.6308523409363745 0.3554896142433234 0.6338535414165666
0 0.7495548961424332 0.033013205282112844 0.7543026706231454 0.037815126050420166 0.7531157270029674 0.04561824729891957 0.716913946587537 0.05102040816326531 0.7032640949554896 0.04921968787515006 0.6997032640949555 0.04201680672268908 0.7014836795252225 0.03601440576230492 0.7359050445103857 0.03241296518607443 0.7489614243323442 0.033013205282112844
0 0.5833827893175074 0.24429771908763506 0.5899109792284867 0.2460984393757503 0.5893175074183976 0.251500600240096 0.5537091988130564 0.26710684273709484 0.5495548961424332 0.26710684273709484 0.5394658753709198 0.258703481392557 0.5323442136498516 0.24789915966386555 0.5335311572700296 0.2460984393757503 0.5827893175074184 0.24429771908763506
0 0.7833827893175074 0.14165666266506602 0.7928783382789317 0.14765906362545017 0.798219584569733 0.15846338535414164 0.7667655786350148 0.17106842737094838 0.7554896142433234 0.16806722689075632 0.7489614243323442 0.16146458583433373 0.7489614243323442 0.15726290516206481 0.7685459940652819 0.14165666266506602 0.7744807121661721 0.1398559423769508 0.7827893175074184 0.14165666266506602
0 0.7667655786350148 0.0858343337334934 0.769139465875371 0.08763505402160865 0.769139465875371 0.09243697478991597 0.7554896142433234 0.1092436974789916 0.7204747774480712 0.1452581032412965 0.7115727002967359 0.15126050420168066 0.7044510385756677 0.15126050420168066 0.7014836795252225 0.148859543817527 0.6985163204747774 0.1404561824729892 0.6991097922848665 0.12665066026410565 0.716913946587537 0.11284513805522209 0.7572700296735905 0.08763505402160865 0.7661721068249259 0.0858343337334934
0 0.2801186943620178 0.8043217286914766 0.28961424332344216 0.8133253301320528 0.29376854599406527 0.8223289315726291 0.29317507418397626 0.8259303721488596 0.27596439169139464 0.8625450180072028 0.27299703264094954 0.8661464585834334 0.2623145400593472 0.8637454981992797 0.2516320474777448 0.885954381752701 0.24451038575667655 0.8943577430972389 0.24094955489614242 0.8949579831932774 0.2344213649851632 0.8895558223289316 0.23560830860534124 0.8553421368547419 0.24094955489614242 0.8091236494597839 0.2427299703264095 0.8061224489795918 0.2486646884272997 0.8043217286914766 0.2795252225519288 0.8043217286914766
0 0.7626112759643917 0.2689075630252101 0.8083086053412463 0.28811524609843936 0.8106824925816024 0.2917166866746699 0.8106824925816024 0.30192076830732295 0.8083086053412463 0.304921968787515 0.772700296735905 0.2965186074429772 0.7590504451038576 0.29111644657863145 0.7566765578635015 0.28811524609843936 0.7578635014836795 0.2707082833133253 0.7620178041543026 0.2689075630252101