0 0.6532489936745256 0.4768957345971564 0.660149511213341 0.46860189573459715 0.6612995974698103 0.4484597156398104 0.6710753306497987 0.41232227488151657 0.6745255894192065 0.41172985781990523 0.6912018401380103 0.4318720379146919 0.6641748131109834 0.504739336492891 0.6607245543415756 0.5065165876777251 0.6572742955721679 0.5041469194312796 0.6532489936745256 0.49229857819905215 0.6486486486486487 0.4881516587677725 0.6532489936745256 0.4774881516587678
0 0.39792984473835535 0.7215639810426541 0.4341575618171363 0.7322274881516587 0.437607820586544 0.7351895734597157 0.4370327774583094 0.7387440758293838 0.42323174238067857 0.7422985781990521 0.31569867740080504 0.7908767772511849 0.30592294422081656 0.7873222748815166 0.3053479010925819 0.7825829383886256 0.3755031627372053 0.7328199052132701 0.39735480161012077 0.7215639810426541
0 0.8441633122484187 0.8761848341232228 0.8464634847613571 0.8732227488151659 0.8614146060954572 0.9087677725118484 0.875215641173088 0.9295023696682464 0.8901667625071881 0.9449052132701422 0.8970672800460034 0.9484597156398105 0.9183438757906843 0.9514218009478673 0.9505462909718229 0.9520142180094787 0.972972972972973 0.955568720379147 0.9994249568717654 0.9549763033175356 0.9994249568717654 0.9609004739336493 0.9919493962047153 0.9620853080568721 0.9102932719953997 0.9597156398104265 0.8953421506612996 0.9567535545023697 0.8809660724554341 0.9472748815165877 0.8660149511213341 0.9277251184834123 0.851063829787234 0.9004739336492891 0.8447383553766532 0.8767772511848341
0 0.6193214491086831 0.5213270142180095 0.6216216216216216 0.5266587677725119 0.6279470960322024 0.5284360189573459 0.6336975273145485 0.533175355450237 0.6313973548016101 0.5438388625592417 0.6342725704427832 0.5704976303317536 0.6302472685451409 0.568127962085308 0.6262219666474985 0.5764218009478673 0.6193214491086831 0.5758293838862559 0.6124209315698678 0.5793838862559242 0.6066705002875216 0.5764218009478673 0.5986198964922369 0.5781990521327014 0.5894192064404831 0.5675355450236966 0.5871190339275446 0.5533175355450237 0.5928694652098907 0.5319905213270142 0.5991949396204715 0.5248815165876777 0.6020701552616446 0.5302132701421801 0.6060954571592869 0.5278436018957346 0.60897067280046 0.5325829383886256 0.6187464059804485 0.5254739336492891 0.6187464059804485 0.5219194312796208
0 0.7101782633697528 0.10308056872037914 0.7757331799884991 0.10900473933649289 0.7826336975273146 0.11137440758293839 0.7855089131684876 0.11611374407582939 0.7757331799884991 0.12440758293838862 0.7734330074755607 0.13092417061611375 0.7573317998849913 0.139218009478673 0.7510063254744106 0.1386255924170616 0.714203565267395 0.11611374407582939 0.7073030477285797 0.1066350710900474 0.7096032202415181 0.10367298578199052
0 0.8476135710178263 0.7049763033175356 0.8568142610695803 0.7049763033175356 0.8614146060954572 0.7085308056872038 0.8688901667625072 0.7494075829383886 0.8660149511213341 0.7553317535545023 0.8389879240943071 0.7695497630331753 0.8349626221966647 0.768957345971564 0.8297872340425532 0.7529620853080569 0.8297872340425532 0.7138625592417062 0.8355376653248994 0.705568720379147 0.8470385278895918 0.7049763033175356
0 0.6319723979298447 0.8773696682464455 0.6417481311098332 0.8809241706161137 0.6411730879815987 0.9069905213270142 0.6446233467510063 0.9140995260663507 0.6440483036227717 0.9312796208530806 0.6382978723404256 0.9454976303317536 0.6371477860839563 0.9626777251184834 0.6336975273145485 0.9656398104265402 0.621046578493387 0.9626777251184834 0.6193214491086831 0.9579383886255924 0.6244968372627947 0.879739336492891 0.6262219666474985 0.8773696682464455 0.6313973548016101 0.8773696682464455
0 0.17883841288096608 0.6670616113744076 0.20414031052328924 0.6895734597156398 0.20299022426682 0.7067535545023697 0.1932144910868315 0.7091232227488151 0.15123634272570444 0.7091232227488151 0.1466359976998275 0.707345971563981 0.16676250718803912 0.6605450236966824 0.17078780908568142 0.6593601895734598 0.17826336975273147 0.6670616113744076
0 0.5405405405405406 0.4496445497630332 0.5445658424381828 0.4484597156398104 0.562392179413456 0.45201421800947866 0.5675675675675675 0.4561611374407583 0.5646923519263944 0.490521327014218 0.550316273720529 0.490521327014218 0.5462909718228867 0.48045023696682465 0.5411155836687752 0.45023696682464454
0 0.21104082806210467 0.04976303317535545 0.22024151811385853 0.05568720379146919 0.22714203565267396 0.054502369668246446 0.23404255319148937 0.06279620853080568 0.23059229442208165 0.08530805687203792 0.22369177688326625 0.10367298578199052 0.22024151811385853 0.10722748815165876 0.18573893041978148 0.08530805687203792 0.18286371477860838 0.0811611374407583 0.18458884416331225 0.07168246445497631 0.18228867165037377 0.06990521327014218 0.17481311098332375 0.07345971563981042 0.1702127659574468 0.06398104265402843 0.17423806785508913 0.057464454976303314 0.19953996549741232 0.041469194312796206 0.20299022426682 0.04206161137440758 0.21046578493387005 0.04976303317535545
0 0.3605520414031052 0.6338862559241706 0.37492811960897066 0.6368483412322274 0.37952846463484763 0.6504739336492891 0.3801035077630822 0.6540284360189573 0.3709028177113283 0.6682464454976303 0.3755031627372053 0.6854265402843602 0.37320299022426684 0.6872037914691943 0.3329499712478436 0.6860189573459715 0.3294997124784359 0.6842417061611374 0.3375503162737205 0.6629146919431279 0.32777458309373203 0.6356635071090048 0.3599769982748706 0.6338862559241706
0 0.2978723404255319 0.5254739336492891 0.29902242668200113 0.5296208530805687 0.2915468660149511 0.5456161137440758 0.28579643473260496 0.5657582938388626 0.2702702702702703 0.5716824644549763 0.261644623346751 0.5710900473933649 0.25129384703852786 0.5645734597156398 0.22024151811385853 0.5379146919431279 0.21736630247268546 0.5325829383886256 0.22426682001150086 0.5296208530805687 0.2610695802185164 0.5290284360189573 0.2972972972972973 0.5254739336492891
0 0.4261069580218516 0.3359004739336493 0.4284071305347901 0.33649289099526064 0.4284071305347901 0.33886255924170616 0.425531914893617 0.3424170616113744 0.39332949971247844 0.3690758293838863 0.38355376653248996 0.3637440758293839 0.3737780333525014 0.3518957345971564 0.37722829212190917 0.34893364928909953 0.39045428407130534 0.3471563981042654 0.425531914893617 0.3359004739336493
0 0.8700402530189765 0.4928909952606635 0.9074180563542266 0.6024881516587678 0.8976423231742381 0.6125592417061612 0.8591144335825187 0.6415876777251185 0.855664174813111 0.6380331753554502 0.8522139160437032 0.6054502369668247 0.8470385278895918 0.5154028436018957 0.8591144335825187 0.5011848341232228 0.8694652098907418 0.4928909952606635
0 0.6313973548016101 0.6338862559241706 0.7303047728579644 0.6735781990521327 0.7314548591144335 0.6759478672985783 0.7291546866014951 0.6783175355450237 0.6958021851638873 0.6949052132701422 0.6889016676250719 0.6919431279620853 0.6572742955721679 0.6682464454976303 0.6296722254169063 0.6445497630331753 0.6267970097757332 0.6409952606635071 0.6267970097757332 0.6356635071090048 0.6308223116733755 0.6338862559241706