0 0.7377201112140871 0.13435897435897437 0.7405004633920297 0.14358974358974358 0.727062094531974 0.15897435897435896 0.7219647822057461 0.15435897435897436 0.7210379981464319 0.1476923076923077 0.73725671918443 0.13435897435897437
0 0.4386005560704356 0.8402564102564103 0.0366079703429101 0.09282051282051282
0 0.8132530120481928 0.5066666666666667 0.8030583873957368 0.517948717948718 0.7822057460611678 0.521025641025641 0.7738646895273401 0.52 0.7669138090824837 0.5117948717948718 0.768303985171455 0.5087179487179487 0.8127896200185357 0.5066666666666667
0 0.9874884151992586 0.23384615384615384 0.9847080630213161 0.26871794871794874 0.9443929564411492 0.2682051282051282 0.9425393883225208 0.2651282051282051 0.9870250231696015 0.23435897435897435
0 0.8628359592215014 0.3779487179487179 0.866079703429101 0.38153846153846155 0.8679332715477294 0.4276923076923077 0.8586654309545876 0.42717948717948717 0.8595922150139017 0.3902564102564103 0.8623725671918443 0.37846153846153846
0 0.022242817423540315 0.3635897435897436 0.025949953660797033 0.3671794871794872 0.025949953660797033 0.37333333333333335 0.022706209453197405 0.3764102564102564 0.019462465245597776 0.3748717948717949 0.018072289156626505 0.3676923076923077 0.021779425393883226 0.3641025641025641
0 0.5013901760889713 0.4969230769230769 0.5074142724745134 0.502051282051282 0.5083410565338277 0.5076923076923077 0.4986098239110287 0.5117948717948718 0.49443929564411493 0.5107692307692308 0.4907321594068582 0.5015384615384615 0.5009267840593142 0.49743589743589745
0 0.060704355885078776 0.10307692307692308 0.07414272474513438 0.1158974358974359 0.0783132530120482 0.13641025641025642 0.07599629286376275 0.14358974358974358 0.06811862835959222 0.14615384615384616 0.06302131603336422 0.14564102564102563 0.060240963855421686 0.14051282051282052 0.056997219647822055 0.10615384615384615 0.057460611677479144 0.10358974358974359 0.060240963855421686 0.10307692307692308
0 0.943002780352178 0.7148717948717949 0.9453197405004634 0.7184615384615385 0.9416126042632067 0.721025641025641 0.8674698795180723 0.7292307692307692 0.8554216867469879 0.7292307692307692 0.8549582947173309 0.7241025641025641 0.8586654309545876 0.7220512820512821 0.9425393883225208 0.7148717948717949
0 0.38322520852641334 0.5358974358974359 0.38368860055607046 0.5394871794871795 0.3873957367933272 0.5430769230769231 0.3901760889712697 0.5558974358974359 0.39527340129749766 0.56 0.3948100092678406 0.5635897435897436 0.38461538461538464 0.5784615384615385 0.37859128822984245 0.5774358974358974 0.36932344763670066 0.5543589743589744 0.36932344763670066 0.5492307692307692 0.3827618164967563 0.54 0.38322520852641334 0.5364102564102564
0 0.6093605189990732 0.7097435897435898 0.6102873030583874 0.7148717948717949 0.6042632066728453 0.718974358974359 0.6005560704355886 0.7174358974358974 0.6014828544949027 0.7128205128205128 0.6051899907321594 0.7092307692307692 0.6088971269694161 0.7097435897435898
0 0.20481927710843373 0.9723076923076923 0.206209453197405 0.977948717948718 0.20389249304911955 0.9825641025641025 0.19138090824837814 0.9846153846153847 0.18535681186283595 0.9841025641025641 0.1872103799814643 0.9738461538461538 0.20435588507877664 0.9723076923076923
0 0.5537534754402225 0.2923076923076923 0.5551436515291936 0.2948717948717949 0.5537534754402225 0.31743589743589745 0.5435588507877664 0.31384615384615383 0.5444856348470807 0.2928205128205128 0.5532900834105653 0.2923076923076923
0 0.08572752548656164 0.14256410256410257 0.08989805375347544 0.14512820512820512 0.1195551436515292 0.1882051282051282 0.12094531974050046 0.19333333333333333 0.11677479147358666 0.19846153846153847 0.11260426320667284 0.19743589743589743 0.10518999073215941 0.18923076923076923 0.08433734939759036 0.1476923076923077 0.08526413345690455 0.14256410256410257
0 0.7761816496756255 0.9276923076923077 0.7789620018535681 0.9292307692307692 0.7784986098239111 0.938974358974359 0.7622798887859129 0.94 0.7326227988878591 0.9466666666666667 0.727062094531974 0.9456410256410256 0.727062094531974 0.941025641025641 0.7298424467099166 0.938974358974359 0.7757182576459685 0.9276923076923077
0 0.21663577386468952 0.6012820512820513 0.006950880444856348 0.02205128205128205
0 0.4633920296570899 0.30666666666666664 0.4717330861909175 0.31743589743589745 0.4531974050046339 0.3415384615384615 0.4425393883225209 0.32871794871794874 0.4416126042632067 0.3241025641025641 0.45644114921223355 0.3082051282051282 0.4629286376274328 0.30666666666666664
0 0.16635773864689526 0.32205128205128203 0.16821130676552362 0.3312820512820513 0.164967562557924 0.34205128205128205 0.13670064874884152 0.382051282051282 0.1334569045412419 0.382051282051282 0.13670064874884152 0.37025641025641026 0.16357738646895273 0.3230769230769231 0.16589434661723818 0.32205128205128203
0 0.8239110287303059 0.25743589743589745 0.8521779425393883 0.2841025641025641 0.8586654309545876 0.29333333333333333 0.8591288229842446 0.29794871794871797 0.855885078776645 0.29743589743589743 0.8419833178869324 0.28205128205128205 0.8183503243744208 0.26153846153846155 0.8188137164040779 0.2569230769230769 0.8234476367006488 0.25743589743589745
0 0.6758572752548656 0.6082051282051282 0.03568118628359592 0.05846153846153846
0 0.3730305838739574 0.07128205128205128 0.3767377201112141 0.07487179487179488 0.37766450417052827 0.0835897435897436 0.3767377201112141 0.08666666666666667 0.37349397590361444 0.08717948717948718 0.3697868396663577 0.08512820512820513 0.3674698795180723 0.07641025641025641 0.36932344763670066 0.07128205128205128 0.37256719184430026 0.07128205128205128
0 0.5810936051899908 0.5635897435897436 0.5880444856348471 0.5825641025641025 0.5889712696941612 0.5917948717948718 0.5750695088044485 0.5892307692307692 0.5658016682113067 0.578974358974359 0.5713623725671918 0.5707692307692308 0.5806302131603337 0.5641025641025641
0 0.6088971269694161 0.14461538461538462 0.6102873030583874 0.1523076923076923 0.6070435588507878 0.15743589743589745 0.5973123262279889 0.15743589743589745 0.593141797961075 0.15384615384615385 0.598239110287303 0.1358974358974359 0.6024096385542169 0.1358974358974359 0.608433734939759 0.14461538461538462
0 0.8211306765523633 0.43743589743589745 0.8225208526413346 0.43948717948717947 0.8202038924930491 0.4441025641025641 0.8002780352177943 0.44871794871794873 0.7970342910101946 0.4482051282051282 0.7965708989805376 0.44564102564102565 0.8044485634847081 0.43948717948717947 0.8123262279888785 0.4369230769230769 0.8206672845227062 0.43743589743589745
0 0.7145505097312326 0.3169230769230769 0.7201112140871178 0.32256410256410256 0.7201112140871178 0.33179487179487177 0.7117701575532901 0.3323076923076923 0.7029657089898054 0.33692307692307694 0.6992585727525487 0.3343589743589744 0.6992585727525487 0.3251282051282051 0.7140871177015755 0.3169230769230769
0 0.7381835032437442 0.5697435897435897 0.7391102873030584 0.5717948717948718 0.7363299351251158 0.5748717948717949 0.7335495829471733 0.5743589743589743 0.7335495829471733 0.5712820512820512 0.7377201112140871 0.5697435897435897
0 0.7351807228915662 0.38399999999999995 0.004031510658016681 0.005461538461538462
0 0.7288832252085264 0.39994358974358973 0.0039295644114921225 0.004123076923076923
0 0.8126506024096386 0.3772 0.0042307692307692315 0.004569230769230769
0 0.06626506024096386 0.7502564102564102 0.006950880444856348 0.0071794871794871795
0 0.25611214087117706 0.5021692307692308 0.00427710843373494 0.002758974358974359
0 0.35975440222428173 0.5382666666666666 0.006237256719184431 0.005917948717948717