0 0.381199538638985 0.5136904761904761 0.38408304498269896 0.5148809523809523 0.38408304498269896 0.5190476190476191 0.3662053056516724 0.5279761904761905 0.33852364475201846 0.5202380952380953 0.3362168396770473 0.5190476190476191 0.3362168396770473 0.5154761904761904 0.356401384083045 0.513095238095238 0.3806228373702422 0.5136904761904761
0 0.38696655132641294 0.14047619047619048 0.39215686274509803 0.14642857142857144 0.39215686274509803 0.15 0.3875432525951557 0.1523809523809524 0.38408304498269896 0.1505952380952381 0.3817762399077278 0.14464285714285716 0.38350634371395614 0.14047619047619048 0.3863898500576701 0.14047619047619048
0 0.7606689734717417 0.6351190476190476 0.765282583621684 0.65 0.7698961937716263 0.6821428571428572 0.7687427912341407 0.6922619047619047 0.7658592848904268 0.6934523809523809 0.7497116493656286 0.6857142857142857 0.7370242214532872 0.6755952380952381 0.73760092272203 0.6702380952380952 0.7445213379469435 0.6571428571428571 0.754325259515571 0.6404761904761904 0.7600922722029988 0.6351190476190476
0 0.6862745098039216 0.22738095238095238 0.6891580161476355 0.23095238095238096 0.6931949250288351 0.24642857142857144 0.6903114186851211 0.2511904761904762 0.6856978085351788 0.25297619047619047 0.6833910034602076 0.2511904761904762 0.6787773933102653 0.2369047619047619 0.6799307958477508 0.23095238095238096 0.6856978085351788 0.22738095238095238
0 0.5155709342560554 0.7047619047619048 0.5397923875432526 0.705952380952381 0.5397923875432526 0.7101190476190476 0.527681660899654 0.7291666666666666 0.5236447520184544 0.7410714285714286 0.5190311418685121 0.7416666666666667 0.5155709342560554 0.7327380952380952 0.5121107266435986 0.7113095238095238 0.5121107266435986 0.7065476190476191 0.5149942329873126 0.7053571428571429
0 0.3748558246828143 0.6363095238095238 0.3875432525951557 0.6482142857142857 0.3886966551326413 0.6541666666666667 0.370242214532872 0.656547619047619 0.353517877739331 0.6553571428571429 0.35121107266435986 0.6541666666666667 0.3517877739331027 0.6505952380952381 0.3627450980392157 0.6398809523809523 0.3742791234140715 0.6363095238095238
0 0.4801038062283737 0.34226190476190477 0.01441753171856978 0.04642857142857143
0 0.6234140715109573 0.43333333333333335 0.6257208765859285 0.43452380952380953 0.6257208765859285 0.44226190476190474 0.6141868512110726 0.46190476190476193 0.6101499423298731 0.4773809523809524 0.6014994232987313 0.4773809523809524 0.6020761245674741 0.4738095238095238 0.5980392156862745 0.46964285714285714 0.5813148788927336 0.4630952380952381 0.5795847750865052 0.4589285714285714 0.5991926182237601 0.4446428571428571 0.6228373702422145 0.43333333333333335
0 0.9798154555940023 0.40654761904761905 0.9821222606689735 0.4107142857142857 0.9815455594002307 0.4160714285714286 0.9682814302191465 0.42738095238095236 0.9630911188004614 0.4238095238095238 0.9630911188004614 0.4160714285714286 0.9728950403690888 0.40654761904761905 0.9792387543252595 0.40654761904761905
0 0.621683967704729 0.29464285714285715 0.6268742791234141 0.3 0.6274509803921569 0.30357142857142855 0.6228373702422145 0.3130952380952381 0.6193771626297578 0.31547619047619047 0.6124567474048442 0.30892857142857144 0.6118800461361015 0.30357142857142855 0.618800461361015 0.29404761904761906 0.6211072664359861 0.29464285714285715
0 0.3460207612456747 0.9571428571428572 0.3604382929642445 0.9625 0.3731257208765859 0.9702380952380952 0.370242214532872 0.9779761904761904 0.36389850057670126 0.9857142857142858 0.3414071510957324 0.9732142857142857 0.3402537485582468 0.9660714285714286 0.3419838523644752 0.9583333333333334 0.34544405997693195 0.9571428571428572
0 0.24916955017301037 0.4499285714285714 0.0057670126874279125 0.004904761904761905