0 0.3433703116745906 0.21918514698298092 0.10565240359218173 0.07048478597215059
0 0.32312202852614896 0.39539453326456936 0.17432646592709986 0.10658586900464156
0 0.10389329107237188 0.493383187209902 0.03521922873745378 0.034383702939659616
0 0.318716323296355 0.5312016503352244 0.16552033808769148 0.09627127385250128
0 0.2879027997886952 0.6248942753996906 0.17080295826730058 0.10142857142857142
0 0.3495351294241944 0.7220216606498195 0.04402007395668251 0.09970603403816401
0 0.6154252509244585 0.7581227436823105 0.13558901215002642 0.1444043321299639
0 0.618066561014263 0.4125838060856111 0.0915636555731643 0.07220216606498195
0 0.7228367670364501 0.2002733367715317 0.06867406233491812 0.13580711707065496
0 0.8328948758584258 0.17448684889118102 0.13734812466983623 0.10830324909747292
0 0.7175541468568409 0.4581382155750387 0.07923930269413629 0.07048478597215059
0 0.6497622820919176 0.5475348117586385 0.0493026941362916 0.08079938112429086
0 0.8786740623349181 0.8595513151108819 0.07748019017432646 0.06532748839608045