0 0.9508907077515648 0.0672225117248567 0.9638902262879152 0.07034914017717561 0.967741935483871 0.14434601354872328 0.9619643716899374 0.1474726420010422 0.9287433798748195 0.1474726420010422 0.9253731343283582 0.14695153725898905 0.9234472797303803 0.14382490880667015 0.9191141068849302 0.068264721208963 0.9215214251324025 0.06670140698280354 0.9504092441020703 0.0672225117248567
0 0.6056812710640347 0.6560708702449193 0.6095329802599904 0.6560708702449193 0.6259027443428021 0.6711829077644607 0.6528647087144921 0.6909848879624805 0.6798266730861819 0.7060969254820219 0.6875300914780934 0.7071391349661282 0.7491574386133847 0.6972381448671183 0.7583052479537795 0.6993225638353309 0.7939335580163698 0.7170401250651381 0.7924891670678864 0.720166753517457 0.7857486759749639 0.7222511724856696 0.77130476649013 0.7180823345492444 0.7486759749638903 0.7055758207399687 0.7294174289841117 0.706618030224075 0.6875300914780934 0.7144346013548724 0.6764564275397208 0.713392391870766 0.6389022628791526 0.6889004689942678 0.6138661531054406 0.6680562793121417 0.6056812710640347 0.6565919749869724
0 0.41935483870967744 0.4992183428869203 0.46364949446316805 0.5101615424700364 0.4809821858449687 0.5273579989577906 0.48435243139142997 0.5320479416362689 0.4838709677419355 0.5346534653465347 0.3962445835339432 0.525794684731631 0.3996148290804044 0.5148514851485149 0.4077997111218103 0.5013027618551329 0.4126143476167549 0.49817613340281397 0.41887337506018296 0.4992183428869203
0 0.3620606644198363 0.5570609692548202 0.3697640828117477 0.5607087024491922 0.4260953298025999 0.6122980719124544 0.4198363023591719 0.6367899947889526 0.417910447761194 0.6399166232412715 0.41502166586422723 0.6399166232412715 0.3529128550794415 0.5909327774882751 0.3519499277804526 0.5841584158415841 0.3620606644198363 0.5575820739968733
0 0.8415984593163216 0.522146951537259 0.8526721232546943 0.5320479416362689 0.8608570052961001 0.5476810838978635 0.8661531054405393 0.563314226159458 0.8661531054405393 0.570088587806149 0.8632643235435724 0.5763418447107869 0.8560423688011555 0.5831162063574779 0.8473760231102552 0.5815528921313184 0.8440057775637939 0.5794684731631058 0.8396726047183438 0.5711307972902553 0.8338950409244102 0.546117769671704 0.8406355320173327 0.5377800937988536 0.8391911410688493 0.5242313705054716 0.8411169956668272 0.5226680562793121
0 0.2821376986037554 0.28139656070870245 0.28935965334617236 0.2939030745179781 0.28984111699566684 0.3006774361646691 0.28406355320173327 0.3465346534653465 0.2811747713047665 0.39082855653986454 0.2859894077997111 0.39343408025013027 0.2888781896966779 0.4184471078686816 0.2965816080885893 0.4491922876498176 0.2932113625421281 0.4507556018759771 0.2864708714492056 0.4445023449713392 0.2826191622532499 0.4460656591974987 0.280693307655272 0.4293903074517978 0.2758786711603274 0.4252214695153726 0.27395281656234954 0.43095362167795725 0.2753972075108329 0.43877019280875457 0.2705825710158883 0.45231891610213654 0.2676937891189215 0.4517978113600834 0.25710158883004336 0.43877019280875457 0.2532498796340876 0.42574257425742573 0.23736157920077033 0.4012506513809276 0.23639865190178141 0.39603960396039606 0.2667308618199326 0.2652423137050547 0.2691381800674049 0.2631578947368421 0.28165623495426095 0.28139656070870245
0 0.663216177178623 0.4447628973423658 0.03033220991815118 0.06201146430432517
0 0.3943187289359653 0.2777488275143304 0.43042850264805005 0.33559145388223033 0.44583533943187287 0.35487232933819696 0.43572460279248915 0.36268890046899427 0.41887337506018296 0.3710265763418447 0.3644679826673086 0.29338196977592496 0.365912373615792 0.28921313183949976 0.3938372652864709 0.2777488275143304
0 0.4930187770823303 0.9390307451797811 0.49590755897929706 0.9431995831162063 0.49590755897929706 0.9499739447628973 0.4915743861338469 0.9551849921834289 0.4848338950409244 0.9525794684731631 0.483389504092441 0.9447628973423658 0.4877226769378912 0.9390307451797811 0.4925373134328358 0.9390307451797811
0 0.9807414540202215 0.2569046378322043 0.9812229176697159 0.25951016154247003 0.9701492537313433 0.2678478374153205 0.966779008184882 0.2678478374153205 0.9658160808858931 0.2657634184471079 0.9691863264323544 0.2584679520583637 0.980259990370727 0.2569046378322043
0 0.22436206066441983 0.45492443981240227 0.22676937891189214 0.4559666492965086 0.2248435243139143 0.4585721730067744 0.22195474241694751 0.4570088587806149 0.22388059701492538 0.45492443981240227