0 0.8319327731092437 0.2599164926931106 0.8665348492338112 0.29227557411273486 0.8685121107266436 0.2964509394572025 0.8660405338606031 0.30062630480167013 0.8269896193771626 0.2661795407098121 0.8274839347503707 0.26043841336116913 0.8314384577360356 0.2599164926931106
0 0.7478991596638656 0.14665970772442588 0.750370736529906 0.15396659707724425 0.7375185368264953 0.16962421711899792 0.7340583292140386 0.16962421711899792 0.7320810677212062 0.16440501043841335 0.7325753830944143 0.15501043841336118 0.736035590706871 0.15083507306889352 0.7474048442906575 0.14665970772442588
0 0.8210578348986654 0.49582463465553234 0.8210578348986654 0.5005219206680585 0.8141374196737519 0.5073068893528184 0.7909045971329708 0.5109603340292276 0.7829955511616411 0.5093945720250522 0.7755808205635195 0.5015657620041754 0.7770637666831438 0.4989561586638831 0.8205635195254573 0.49582463465553234
0 0.9945625308947108 0.24008350730688935 0.9915966386554622 0.27244258872651356 0.9515570934256056 0.272964509394572 0.9495798319327731 0.27035490605427975 0.9594661393969353 0.26148225469728603 0.9940682155215027 0.2406054279749478
0 0.7859614434008898 0.8971816283924844 0.7879387048937222 0.9024008350730689 0.786950074147306 0.9081419624217119 0.740484429065744 0.9159707724425887 0.7350469599604548 0.9144050104384134 0.7365299060800791 0.9086638830897703 0.7854671280276817 0.8971816283924844
0 0.42560553633217996 0.8559498956158664 0.4369747899159664 0.8340292275574113 0.4587246663371231 0.7750521920668059 0.46317350469599605 0.7687891440501043 0.4666337123084528 0.7687891440501043 0.46861097380128525 0.7724425887265136 0.4661393969352447 0.7828810020876826 0.44537815126050423 0.8350730688935282 0.4384577360355907 0.8585594989561587 0.42857142857142855 0.8622129436325678 0.42609985170538806 0.8564718162839249
0 0.5155709342560554 0.4890396659707724 0.5195254572417202 0.4979123173277662 0.5086505190311419 0.5020876826722338 0.5032130499258527 0.4979123173277662 0.5027187345526446 0.4911273486430063 0.5106277805239743 0.4879958246346555 0.5150766188828473 0.4890396659707724
0 0.21552150271873455 0.9384133611691023 0.21749876421156697 0.9410229645093946 0.21700444883835887 0.9483298538622129 0.2031636183885319 0.9514613778705637 0.1962432031636184 0.9498956158663883 0.1962432031636184 0.94258872651357 0.20266930301532377 0.9394572025052192 0.21502718734552645 0.9384133611691023
0 0.5615422639644093 0.29227557411273486 0.5654967869500741 0.2948851774530271 0.5664854176964904 0.3001043841336117 0.5640138408304498 0.3173277661795407 0.5575877409787444 0.3162839248434238 0.5536332179930796 0.3126304801670146 0.555610479485912 0.2954070981210856 0.5570934256055363 0.2927974947807933 0.5610479485912012 0.29227557411273486
0 0.6169055857637172 0.15187891440501045 0.6208601087493821 0.15501043841336118 0.6213544241225902 0.16075156576200417 0.615916955017301 0.16858037578288101 0.6055363321799307 0.16701461377870563 0.6040533860603065 0.16127348643006262 0.6089965397923875 0.15187891440501045 0.6164112703905091 0.15187891440501045
0 0.4740484429065744 0.30741127348643005 0.4819574888779041 0.3136743215031315 0.4829461196243203 0.3178496868475992 0.46416213544241225 0.3397703549060543 0.4522985664854177 0.32411273486430064 0.4671280276816609 0.3089770354906054 0.4735541275333663 0.30741127348643005
0 0.8739495798319328 0.3763048016701461 0.8774097874443895 0.4081419624217119 0.8774097874443895 0.42171189979123175 0.874938210578349 0.42379958246346555 0.8670291646070193 0.4222338204592902 0.8685121107266436 0.3862212943632568 0.8699950568462679 0.3778705636743215 0.8734552644587247 0.3763048016701461
0 0.6786950074147305 0.5668058455114823 0.6925358378645576 0.5934237995824635 0.7029164607019278 0.6210855949895616 0.6752347998022739 0.615866388308977 0.6673257538309442 0.6116910229645094 0.675729115175482 0.569937369519833 0.6782006920415224 0.5668058455114823
0 0.38408304498269896 0.08455114822546973 0.38902619871478 0.08820459290187892 0.39001482946119626 0.09864300626304802 0.3880375679683638 0.10020876826722339 0.38358872960949086 0.09916492693110647 0.3816114681166584 0.09551148225469729 0.3801285219970341 0.08768267223382047 0.38358872960949086 0.08455114822546973
0 0.587988136431043 0.5652400835073069 0.023232822540781017 0.027139874739039668
0 0.8279782501235788 0.43058455114822547 0.8314384577360356 0.4321503131524008 0.8294611962432031 0.4363256784968685 0.8086999505684627 0.44258872651356995 0.8067226890756303 0.4420668058455115 0.8067226890756303 0.4384133611691023 0.8131487889273357 0.4337160751565762 0.8274839347503707 0.43058455114822547
0 0.7251606524962926 0.3168058455114823 0.7305981216015818 0.3209812108559499 0.7296094908551656 0.33089770354906056 0.7202174987642116 0.3324634655532359 0.7142857142857143 0.33611691022964507 0.7098368759268413 0.3355949895615866 0.7088482451804251 0.325678496868476 0.7246663371230845 0.3168058455114823
0 0.3949579831932773 0.5307933194154488 0.39742956005931784 0.5318371607515657 0.4013840830449827 0.5443632567849687 0.4063272367770638 0.5474947807933194 0.3939693524468611 0.56419624217119 0.39001482946119626 0.5631524008350731 0.3816114681166584 0.5391440501043842 0.38902619871478 0.5323590814196242 0.3944636678200692 0.5307933194154488
0 0.22787938704893723 0.576722338204593 0.23035096391497775 0.5803757828810021 0.23084527928818585 0.5892484342379958 0.22837370242214533 0.5955114822546973 0.22540781018289668 0.592901878914405 0.2244191794364805 0.5808977035490606 0.2244191794364805 0.5777661795407099 0.2273850716757291 0.576722338204593
0 0.037567968363816116 0.3616910229645094 0.03855659911023233 0.36691022964509395 0.0365793376173999 0.37004175365344466 0.03460207612456748 0.3695198329853862 0.033119130004943154 0.3627348643006263 0.03707365299060801 0.3616910229645094
0 0.07909045971329709 0.7244258872651357 0.08106772120612951 0.7270354906054279 0.07760751359367277 0.7301670146137788 0.07464162135442412 0.7265135699373695 0.07859614434008898 0.7244258872651357
0 0.6188828472565496 0.6905010438413361 0.6188828472565496 0.6962421711899791 0.6129510627780524 0.6993736951983298 0.6104794859120118 0.697286012526096 0.611468116658428 0.6931106471816284 0.6154226396440929 0.6899791231732777 0.6183885318833415 0.6905010438413361
0 0.7459218981710332 0.5597599164926931 0.005931784478497282 0.005741127348643006
0 0.8210578348986654 0.5443632567849687 0.8255066732575383 0.545929018789144 0.8250123578843302 0.5506263048016702 0.819080573405833 0.5501043841336117 0.8205635195254573 0.5448851774530271
0 0.7322441917943647 0.4468267223382046 0.003529411764705882 0.0029801670146137786
0 0.7328966880869996 0.4151409185803758 0.0044389520514087994 0.003089770354906054
0 0.7447009391992091 0.3805741127348643 0.0030252100840336134 0.004050104384133612
0 0.7387988136431043 0.39549060542797493 0.005145823035096392 0.007244258872651357
0 0.821220958971824 0.374133611691023 0.00453781512605042 0.003940501043841336
0 0.2952496292634701 0.48734342379958245 0.006796836381611468 0.003914405010438413
0 0.268477508650519 0.49212943632567846 0.004735541275333663 0.004347599164926931
0 0.3712506178942165 0.5264874739039666 0.003089471082550667 0.0034812108559498954