0 0.13527758257203093 0.234375 0.06676036542515812 0.078125
0 0.49191848208011246 0.33017113095238093 0.08784258608573436 0.10974702380952381
0 0.3223822909346451 0.2464657738095238 0.12122276879831342 0.06138392857142857
0 0.1308854532677442 0.3822544642857143 0.054462403373155305 0.06138392857142857
0 0.21257905832747717 0.6184895833333334 0.084328882642305 0.1171875
0 0.4910400562192551 0.6947544642857143 0.10365425158116655 0.09114583333333333
0 0.8011243851018974 0.5794270833333334 0.2670414617006325 0.10974702380952381
0 0.7774068868587491 0.33482142857142855 0.09311314125087843 0.10416666666666667
0 0.7791637385804638 0.15438988095238096 0.06148981026001406 0.02976190476190476
0 0.30920590302178497 0.45107886904761907 0.06676036542515812 0.10230654761904762
0 0.40495432185523544 0.45851934523809523 0.04743499648629656 0.09858630952380952