0 0.7941391941391941 0.16325036603221083 0.8402930402930403 0.19765739385065886 0.8564102564102564 0.2144948755490483 0.8586080586080586 0.21888726207906295 0.8564102564102564 0.2247437774524158 0.8490842490842491 0.2240117130307467 0.8183150183150183 0.19326500732064422 0.7970695970695971 0.17569546120058566 0.7912087912087912 0.1683748169838946 0.7934065934065934 0.16325036603221083
0 0.904029304029304 0.9333821376281113 0.928937728937729 0.9494875549048316 0.9347985347985348 0.9560761346998536 0.9326007326007326 0.9663250366032211 0.915018315018315 0.986822840409956 0.9062271062271062 0.9919472913616398 0.8996336996336997 0.9838945827232797 0.8989010989010989 0.9516837481698389 0.9003663003663004 0.9385065885797951 0.9032967032967033 0.9341142020497804
0 0.023443223443223443 0.5175695461200586 0.046886446886446886 0.5351390922401171 0.05201465201465202 0.5483162518301611 0.05054945054945055 0.5519765739385066 0.012454212454212455 0.5226939970717424 0.015384615384615385 0.5161054172767203 0.01904761904761905 0.5153733528550513 0.02271062271062271 0.5175695461200586
0 0.12893772893772895 0.08345534407027819 0.2087912087912088 0.1061493411420205 0.21025641025641026 0.10761346998535871 0.2087912087912088 0.11127379209370425 0.19926739926739928 0.11273792093704246 0.17435897435897435 0.10907759882869693 0.12893772893772895 0.09150805270863836 0.11208791208791209 0.08272327964860908 0.11282051282051282 0.08052708638360176 0.11648351648351649 0.08052708638360176 0.1282051282051282 0.08345534407027819
0 0.7728937728937729 0.6595900439238653 0.8234432234432234 0.6720351390922401 0.8227106227106227 0.6793557833089312 0.8117216117216117 0.6822840409956076 0.8007326007326008 0.6815519765739385 0.7684981684981685 0.6669106881405563 0.7655677655677655 0.6603221083455344 0.7721611721611722 0.6595900439238653
0 0.20146520146520147 0.28989751098096633 0.2043956043956044 0.2884333821376281 0.20732600732600734 0.28989751098096633 0.2043956043956044 0.3184480234260615 0.18681318681318682 0.32284040995607616 0.18095238095238095 0.32284040995607616 0.17875457875457876 0.3206442166910688 0.20146520146520147 0.29062957540263545
0 0.8124542124542125 0.5300146412884333 0.8131868131868132 0.5387994143484627 0.8073260073260073 0.5446559297218155 0.7904761904761904 0.5541727672035139 0.7860805860805861 0.5534407027818448 0.7868131868131868 0.5497803806734992 0.8117216117216117 0.5300146412884333
0 0.12161172161172161 0.7994143484626647 0.12527472527472527 0.8023426061493412 0.13406593406593406 0.8023426061493412 0.1457875457875458 0.8074670571010248 0.15018315018315018 0.8162518301610542 0.15018315018315018 0.8184480234260615 0.1457875457875458 0.8206442166910688 0.1575091575091575 0.8235724743777453 0.15897435897435896 0.8257686676427526 0.16043956043956045 0.8301610541727672 0.15897435897435896 0.8382137628111274 0.1413919413919414 0.8396778916544656 0.12527472527472527 0.8367496339677891 0.11575091575091576 0.8382137628111274 0.10915750915750916 0.83601756954612 0.0967032967032967 0.8243045387994143 0.09597069597069598 0.8206442166910688 0.1054945054945055 0.8155197657393851 0.11941391941391942 0.8030746705710102 0.11794871794871795 0.8001464128843339 0.12087912087912088 0.7994143484626647
0 0.42857142857142855 0.7898975109809663 0.42857142857142855 0.7796486090775988 0.4424908424908425 0.739385065885798 0.44468864468864466 0.7408491947291361 0.44835164835164837 0.7547584187408491 0.44835164835164837 0.7620790629575402 0.43956043956043955 0.7833089311859444 0.43223443223443225 0.7906295754026355 0.4293040293040293 0.7898975109809663
0 0.5435897435897435 0.5183016105417276 0.5501831501831502 0.5307467057101025 0.5538461538461539 0.5461200585651538 0.5501831501831502 0.5497803806734992 0.5399267399267399 0.5527086383601757 0.5362637362637362 0.5527086383601757 0.5326007326007326 0.5461200585651538 0.528937728937729 0.5307467057101025 0.528937728937729 0.5190336749633968 0.5428571428571428 0.5183016105417276
0 0.5523809523809524 0.0841874084919473 0.558974358974359 0.09150805270863836 0.5655677655677656 0.1281112737920937 0.545054945054945 0.14055636896046853 0.5428571428571428 0.14055636896046853 0.5413919413919414 0.13689604685212298 0.5457875457875457 0.08931185944363104 0.5465201465201465 0.0849194729136164 0.5516483516483517 0.0841874084919473
0 0.6805860805860806 0.37920937042459735 0.6842490842490843 0.3821376281112738 0.6901098901098901 0.3828696925329429 0.6923076923076923 0.38726207906295756 0.6717948717948717 0.42313323572474376 0.6637362637362637 0.4172767203513909 0.6622710622710622 0.4084919472913616 0.6695970695970695 0.3953147877013177 0.6703296703296703 0.38653001464128844 0.6732600732600733 0.3806734992679356 0.6754578754578755 0.3784773060029283 0.6798534798534799 0.37920937042459735
0 0.6468864468864469 0.10395314787701318 0.6498168498168498 0.1061493411420205 0.6505494505494506 0.11200585651537336 0.6461538461538462 0.116398243045388 0.6322344322344322 0.12152269399707175 0.5736263736263736 0.15226939970717424 0.567032967032967 0.15226939970717424 0.5663003663003663 0.14202049780380674 0.6461538461538462 0.10468521229868229
0 0.17142857142857143 0.3601756954612006 0.18681318681318682 0.369692532942899 0.18608058608058609 0.3784773060029283 0.17802197802197803 0.3762811127379209 0.1619047619047619 0.36530014641288433 0.16117216117216118 0.3623718887262079 0.1706959706959707 0.3601756954612006
0 0.2652014652014652 0.4699853587115666 0.2681318681318681 0.4743777452415813 0.263003663003663 0.4743777452415813 0.2644688644688645 0.4707174231332357