0 0.7008333333333333 0.20391246684350134 0.06166666666666667 0.14588859416445624
0 0.8558333333333333 0.285974801061008 0.095 0.13759946949602123
0 0.13166666666666665 0.20639920424403183 0.08 0.054708222811671085
0 0.11583333333333333 0.2577917771883289 0.04833333333333333 0.07460212201591512
0 0.18583333333333332 0.42937665782493367 0.085 0.10941644562334217
0 0.2 0.06465517241379311 0.07333333333333333 0.07294429708222812
0 0.2916666666666667 0.27437002652519893 0.06333333333333334 0.05139257294429708
0 0.5025 0.5454244031830239 0.175 0.1359416445623342
0 0.14833333333333334 0.6714190981432361 0.08333333333333333 0.08952254641909814
0 0.345 0.3937334217506631 0.09666666666666666 0.10444297082228117
0 0.42083333333333334 0.3183023872679045 0.065 0.04973474801061008
0 0.21666666666666667 0.12102122015915119 0.08666666666666667 0.046419098143236075
0 0.2891666666666667 0.1243368700265252 0.08833333333333333 0.046419098143236075
0 0.24416666666666667 0.014920424403183023 0.058333333333333334 0.029840848806366047
0 0.4625 0.08786472148541113 0.125 0.14588859416445624
0 0.5866666666666667 0.20474137931034483 0.05 0.08123342175066313
0 0.5275 0.42274535809018565 0.051666666666666666 0.04310344827586207
0 0.4825 0.34399867374005305 0.058333333333333334 0.08123342175066313
0 0.6141666666666666 0.47579575596816975 0.16166666666666665 0.0629973474801061
0 0.665 0.8289124668435013 0.09333333333333334 0.08289124668435013
0 0.41583333333333333 0.646551724137931 0.07833333333333334 0.0629973474801061
0 0.5225 0.6937997347480106 0.058333333333333334 0.07128647214854111
0 0.3408333333333333 0.7302718832891246 0.14166666666666666 0.07791777188328912
0 0.905 0.8885941644562334 0.11333333333333333 0.06631299734748011
0 0.3575 0.929210875331565 0.2683333333333333 0.08123342175066313