0 0.8519568916619399 0.22850270595309682 0.8627339761769711 0.23331328923631992 0.8587634713556438 0.2513529765484065 0.84344866704481 0.2417318099819603 0.845150311968236 0.22850270595309682 0.8513896766874646 0.22850270595309682
0 0.41973908111174135 0.539987973541792 0.42030629608621667 0.5472038484666266 0.41236528644356213 0.5640408899579074 0.40726035167328417 0.5604329524954901 0.40499149177538285 0.5532170775706554 0.41349971639251276 0.5429945880938064 0.41917186613726604 0.539987973541792
0 0.5014180374361883 0.43896572459410704 0.5031196823596142 0.43475646422128683 0.5087918321043675 0.4305472038484666 0.5110606920022689 0.4335538184004811 0.5116279069767442 0.44197233914612144 0.5036868973340897 0.4425736620565244 0.5019852524106636 0.4395670475045099
0 0.8153715258082813 0.6001202645820806 0.039137833238797506 0.024052916416115455
0 0.23142370958593306 0.8965724594107035 0.23766307430516165 0.9061936259771497 0.2495745887691435 0.9561034275405893 0.24844015882019285 0.9597113650030066 0.2319909245604084 0.9542994588093806 0.2234826999432785 0.9542994588093806 0.2212138400453772 0.9506915213469633 0.2212138400453772 0.9073962717979555 0.22234826999432786 0.9043896572459411 0.22915484968803176 0.9007817197835237 0.22858763471355645 0.8971737823211064 0.23085649461145774 0.8965724594107035
0 0.24446965399886558 0.15574263379434755 0.2620533182076007 0.1635598316295851 0.2671582529778786 0.1713770294648226 0.26091888825865 0.17318099819603128 0.24617129892229156 0.17257967528562837 0.23993193420306297 0.15935057125676488 0.2410663641520136 0.15574263379434755 0.24390243902439024 0.15574263379434755
0 0.5757231990924561 0.26157546602525555 0.5796937039137833 0.26819001803968734 0.5813953488372093 0.28502705953096813 0.5813953488372093 0.2898376428141912 0.5779920589903573 0.29164161154539986 0.5740215541690301 0.28863499699338546 0.5700510493477028 0.2717979555021046 0.5717526942711287 0.2627781118460613 0.5751559841179807 0.26157546602525555
0 0.5415598411798072 0.6300240529164162 0.0038684061259217245 0.0038244137101623573
0 0.5737889960294952 0.4672579675285628 0.0038684061259217245 0.007925435959110041
0 0.19868406125921723 0.6542754058929645 0.004724900737379467 0.0050090198436560434
0 0.27226318774815655 0.46181599518941674 0.27226318774815655 0.46482260974143114 0.2694271128757799 0.4660252555622369 0.2682926829268293 0.4624173180998196 0.27169597277368124 0.46181599518941674
0 0.1259954622802042 0.3318580877931449 0.0029778786159954623 0.00375826819001804