0 0.3611388611388611 0.7729549248747913 0.36513486513486515 0.776850306065665 0.3706293706293706 0.7963272120200334 0.3696303696303696 0.7991096271563717 0.33516483516483514 0.8191430161380078 0.3246753246753247 0.8146911519198664 0.3101898101898102 0.798553144129104 0.3096903096903097 0.7952142459654981 0.32967032967032966 0.7829716193656093 0.36063936063936064 0.7729549248747913
0 0.44305694305694304 0.335559265442404 0.4500499500499501 0.33834168057874237 0.4755244755244755 0.3578185865331107 0.492007992007992 0.36616583194212576 0.48801198801198803 0.3845297718419588 0.4905094905094905 0.39120756816917085 0.4875124875124875 0.4001112966054535 0.4775224775224775 0.41624930439621594 0.42507492507492506 0.3800779076238175 0.4140859140859141 0.36616583194212576 0.4130869130869131 0.3617139677239844 0.4210789210789211 0.35058430717863104 0.43106893106893107 0.34724540901502504 0.44255744255744256 0.335559265442404
0 0.9915084915084915 0.1880912632164719 0.9995004995004995 0.19087367835281024 0.9995004995004995 0.2303839732888147 0.993006993006993 0.2387312186978297 0.964035964035964 0.24151363383416805 0.9560439560439561 0.2409571508069004 0.9545454545454546 0.2387312186978297 0.9635364635364635 0.21146355036171396 0.977022977022977 0.18920422927100725 0.991008991008991 0.1880912632164719
0 0.8251748251748252 0.7885364496382861 0.8371628371628371 0.8169170840289371 0.8376623376623377 0.8213689482470785 0.8326673326673326 0.8235948803561491 0.8271728271728271 0.8235948803561491 0.8246753246753247 0.8208124652198108 0.8161838161838162 0.7941012799109627 0.8161838161838162 0.7896494156928213 0.8246753246753247 0.7885364496382861
0 0.3241758241758242 0.5203116304952699 0.33766233766233766 0.525319977740679 0.33966033966033965 0.5358931552587646 0.33016983016983015 0.5581524763494713 0.3146853146853147 0.563717306622148 0.30569430569430567 0.5631608235948804 0.3026973026973027 0.5531441291040623 0.3156843156843157 0.5225375626043406 0.32367632367632365 0.5203116304952699
0 0.2072927072927073 0.7089593767390094 0.22577422577422576 0.7434613244296049 0.24125874125874125 0.761825264329438 0.24325674325674326 0.7757373400111297 0.24075924075924077 0.778519755147468 0.23726273726273725 0.7779632721202003 0.22577422577422576 0.7612687813021702 0.2127872127872128 0.7479131886477463 0.1958041958041958 0.7212020033388982 0.1933066933066933 0.7262103505843072 0.1958041958041958 0.7557039510294936 0.19230769230769232 0.7629382303839732 0.18731268731268733 0.7623817473567056 0.1853146853146853 0.7518085698386199 0.1853146853146853 0.7200890372843628 0.1918081918081918 0.7111853088480802 0.20679320679320679 0.7089593767390094
0 0.2122877122877123 0.28213689482470783 0.2152847152847153 0.2871452420701169 0.23426573426573427 0.36115748469671677 0.23576423576423577 0.3795214245965498 0.23226773226773226 0.3823038397328882 0.2112887112887113 0.3834168057874235 0.19880119880119881 0.3834168057874235 0.19480519480519481 0.3806343906510851 0.16883116883116883 0.333889816360601 0.14585414585414586 0.3071786310517529 0.13986013986013987 0.29660545353366724 0.15134865134865136 0.29271007234279356 0.21178821178821178 0.28213689482470783
0 0.6028971028971029 0.3327768503060657 0.6673326673326674 0.35058430717863104 0.7342657342657343 0.3639398998330551 0.7362637362637363 0.36616583194212576 0.7352647352647352 0.37006121313299944 0.7267732267732268 0.39065108514190316 0.7237762237762237 0.39343350027824153 0.6643356643356644 0.3739565943238731 0.596903096903097 0.3555926544240401 0.5934065934065934 0.3511407902058987 0.5989010989010989 0.335559265442404 0.6023976023976024 0.3327768503060657
0 0.48801198801198803 0.7200890372843628 0.5 0.7323316638842515 0.5084915084915085 0.7373400111296605 0.5274725274725275 0.7579298831385642 0.537962037962038 0.7646076794657763 0.551948051948052 0.76850306065665 0.5469530469530469 0.7807456872565387 0.5464535464535465 0.7902058987200891 0.542957042957043 0.800222593210907 0.5214785214785215 0.7902058987200891 0.5144855144855145 0.7829716193656093 0.504995004995005 0.7796327212020033 0.494005994005994 0.7673900946021146 0.4885114885114885 0.765164162493044 0.474025974025974 0.7479131886477463 0.474025974025974 0.7429048414023373 0.4825174825174825 0.7234279354479688 0.4875124875124875 0.7200890372843628
0 0.36513486513486515 0.449638286032276 0.4125874125874126 0.47022815804117973 0.4255744255744256 0.4791318864774624 0.44805194805194803 0.5153032832498609 0.44605394605394605 0.5175292153589316 0.4385614385614386 0.5153032832498609 0.43006993006993005 0.5069560378408459 0.4180819180819181 0.4802448525319978 0.4020979020979021 0.47189760712298273 0.3706293706293706 0.4607679465776294 0.3581418581418581 0.4524207011686144 0.3451548451548452 0.41012799109627157 0.34165834165834164 0.3861992209237618 0.34165834165834164 0.36616583194212576 0.3436563436563437 0.36505286588759045 0.34565434565434566 0.3656093489148581 0.34715284715284717 0.37061769616026713 0.35914085914085914 0.43628269337785197 0.3646353646353646 0.449638286032276
0 0.8176823176823177 0.5342237061769616 0.8191808191808192 0.5364496382860323 0.8176823176823177 0.5431274346132443 0.8091908091908092 0.557039510294936 0.8016983016983017 0.5631608235948804 0.7897102897102897 0.5581524763494713 0.7822177822177823 0.5503617139677239 0.7827172827172827 0.5431274346132443 0.7882117882117882 0.531997774067891 0.7942057942057942 0.5297718419588202 0.8171828171828172 0.5342237061769616