0 0.5920398009950248 0.6663447609850314 0.5915875169606513 0.6595847416706905 0.5961103573043871 0.6566875905359729 0.6001809136137495 0.6576533075808788 0.5988240615106287 0.6639304683727668 0.5924920850293984 0.6658619024625785
0 0.7313432835820896 0.10333172380492515 0.7340569877883311 0.10574601641718977 0.7349615558570782 0.11202317720907774 0.7204884667571235 0.12795750845002415 0.715513342379014 0.12216320618058908 0.7150610583446404 0.1158860453887011 0.7195838986883764 0.11009174311926606 0.730890999547716 0.10333172380492515
0 0.4459520578923564 0.7373249637856109 0.4459520578923564 0.7445678416224046 0.4418815015829941 0.7580878802510864 0.4147444595205789 0.8266537904394012 0.41112618724559025 0.8261709319169483 0.4102216191768431 0.8208594881699662 0.44007236544549977 0.7421535490101401 0.4423337856173677 0.7378078223080637 0.44549977385798284 0.7373249637856109
0 0.7114427860696517 0.2786093674553356 0.7137042062415196 0.28247223563495893 0.7127996381727725 0.2930951231289232 0.7037539574853008 0.29357798165137616 0.6978742650384442 0.29647513278609366 0.6924468566259611 0.29647513278609366 0.6915422885572139 0.2863351038145823 0.7037539574853008 0.27812650893288265 0.7109905020352781 0.2786093674553356
0 0.9592944369063772 0.2134234669241912 0.9810040705563093 0.20086914534041525 0.9764812302125735 0.23418638338966682 0.9344188150158299 0.2317720907774022 0.9425599276345545 0.22356349589570257 0.9592944369063772 0.21390632544664415
0 0.4966078697421981 0.4514727184934814 0.501130710085934 0.460164171897634 0.49163274536408863 0.46402704007725737 0.48575305291723203 0.46306132303235154 0.48258706467661694 0.4558184451955577 0.48484848484848486 0.4529212940608402 0.49615558570782453 0.4514727184934814
0 0.20714608774310267 0.5388701110574602 0.21031207598371776 0.540318686624819 0.21212121212121213 0.5465958474167069 0.20985979194934418 0.5601158860453888 0.2062415196743555 0.55866731047803 0.20488466757123475 0.539835828102366 0.20669380370872908 0.5388701110574602
0 0.5431931252826775 0.25253500724287786 0.5490728177295342 0.2563978754225012 0.5463591135232926 0.2771607918879768 0.5359565807327001 0.27329792370835343 0.5377657168701945 0.2549492998551424 0.5427408412483039 0.25253500724287786
0 0.7173224785165083 0.7571221632061806 0.7458163726820444 0.7754707870593917 0.7458163726820444 0.779333655239015 0.736318407960199 0.7822308063737325 0.7146087743102668 0.779333655239015 0.7118950701040253 0.7576050217286335 0.7132519222071461 0.7556735876388219 0.7168701944821347 0.7571221632061806
0 0.05879692446856626 0.06904876871076775 0.06829488919041157 0.07629164654756157 0.07146087743102668 0.08353452438435538 0.07462686567164178 0.10381458232737807 0.06784260515603799 0.10912602607436021 0.05970149253731343 0.10912602607436021 0.05698778833107191 0.1067117334620956 0.053821800090456805 0.06856591018831483 0.05834464043419267 0.06904876871076775
0 0.9344188150158299 0.6634476098503138 0.9344188150158299 0.6677933365523901 0.9226594301221167 0.6702076291646547 0.8530076888285844 0.6764847899565427 0.8444142921754862 0.6760019314340898 0.8453188602442334 0.6716562047320135 0.9339665309814563 0.6634476098503138
0 0.24468566259611035 0.8932882665379044 0.25825418362731795 0.8985997102848865 0.26277702397105385 0.9048768710767745 0.2668475802804161 0.9222597778850796 0.2618724559023066 0.9357798165137615 0.25825418362731795 0.9357798165137615 0.25599276345545 0.9314340898116852 0.2460425146992311 0.9048768710767745 0.24423337856173677 0.8937711250603573
0 0.08367254635911352 0.10767745050700145 0.11578471279963817 0.15065185900531144 0.11714156490275893 0.15741187831965234 0.11261872455902307 0.1612747464992757 0.10945273631840796 0.16079188797682278 0.10085933966530981 0.15113471752776436 0.09181365897783808 0.13471752776436505 0.0814111261872456 0.11347175277643651 0.08005427408412483 0.10912602607436021 0.08322026232473993 0.10767745050700145
0 0.3627317955676165 0.5002414292612265 0.37630031659882407 0.49299855142443266 0.386250565355043 0.5118300338000966 0.37991858887381275 0.5224529212940608 0.3726820443238354 0.5282472235634958 0.3677069199457259 0.521970062771608 0.3627317955676165 0.509415741187832 0.3627317955676165 0.5007242877836794
0 0.7661691542288557 0.8686624818928054 0.7675260063319764 0.8778367938194109 0.7657168701944821 0.8797682279092226 0.7498869289914066 0.8802510864316755 0.7191316146540027 0.8865282472235635 0.7141564902758932 0.8850796716562047 0.715513342379014 0.8797682279092226 0.7657168701944821 0.8686624818928054
0 0.8059701492537313 0.460164171897634 0.8055178652193578 0.46306132303235154 0.7955676164631389 0.47223563495895704 0.772501130710086 0.47513278609367454 0.7652645861601085 0.47368421052631576 0.7584803256445047 0.46692419121197487 0.7584803256445047 0.4635441815548044 0.8055178652193578 0.460164171897634
0 0.45635459068294887 0.2670207629164655 0.4631388511985527 0.2723322066634476 0.46494798733604703 0.2766779333655239 0.4468566259611036 0.2988894253983583 0.43509724106739034 0.2863351038145823 0.4355495251017639 0.2829550941574119 0.4500226142017187 0.26895219700627715 0.4559023066485753 0.2670207629164655
0 0.15784712799638173 0.2810236600676002 0.1614654002713704 0.27957508450024143 0.16327453640886477 0.28198937711250605 0.1623699683401176 0.2930951231289232 0.15920398009950248 0.3013037180106229 0.13432835820895522 0.3370352486721391 0.13071008593396652 0.3394495412844037 0.127996381727725 0.33848382423949785 0.13025780189959293 0.32834379526798646 0.15784712799638173 0.2815065185900531
0 0.8154681139755766 0.21921776919362626 0.8435097241067391 0.24384355383872525 0.8516508367254636 0.2549492998551424 0.8521031207598372 0.2602607436021246 0.8493894165535957 0.2612264606470304 0.8113975576662144 0.22694350555287301 0.8104929895974672 0.2225977788507967 0.815015829941203 0.21921776919362626
0 0.6616915422885572 0.5311443746982134 0.6770691994572592 0.5630130371801062 0.681592039800995 0.577015934331241 0.687019448213478 0.5842588121680348 0.6856625961103573 0.589087397392564 0.6512890094979648 0.5813616610333172 0.6458616010854816 0.5779816513761468 0.6540027137042063 0.5417672621921777 0.6576209859791949 0.5316272332206663 0.6612392582541836 0.5311443746982134
0 0.572139303482587 0.51569290197972 0.5807327001356852 0.5374215354901014 0.5793758480325645 0.5432158377595364 0.5644504748982361 0.5393529695799131 0.5563093622795116 0.5296957991308546 0.5716870194482134 0.51569290197972
0 0.36883763003165987 0.04949299855142443 0.010402532790592492 0.014002897151134718
0 0.5997286295793759 0.1086431675519073 0.6051560379918589 0.11540318686624819 0.6033469018543646 0.12312892322549493 0.5997286295793759 0.12554321583775954 0.5920398009950248 0.12554321583775954 0.587516960651289 0.12312892322549493 0.5897783808231569 0.11250603573153066 0.5947535052012664 0.10816030902945437 0.5992763455450023 0.1086431675519073
0 0.6924468566259611 0.668759053597296 0.7137042062415196 0.7098020280057943 0.7105382180009046 0.7131820376629647 0.696969696969697 0.7184934814099468 0.6933514246947082 0.7155963302752294 0.6906377204884667 0.692901979719942 0.689280868385346 0.6692419121197489 0.6919945725915875 0.668759053597296
0 0.19629127091813658 0.9068083051665862 0.19674355495251017 0.9159826170931917 0.18498417005879692 0.9188797682279092 0.17639077340569878 0.9183969097054563 0.17684305744007237 0.9101883148237566 0.18091361374943465 0.9077740222114921 0.195838986883763 0.9068083051665862
0 0.8109452736318408 0.39352969579913083 0.8141112618724559 0.3949782713664896 0.8141112618724559 0.39835828102366005 0.793306196291271 0.40511830033800095 0.788783355947535 0.40463544181554806 0.7914970601537765 0.3993239980685659 0.8028041610131162 0.3940125543215838 0.8104929895974672 0.39352969579913083
0 0.8575305291723202 0.3394495412844037 0.8611488014473089 0.3698696281989377 0.8611488014473089 0.3843553838725253 0.8593396653098145 0.38676967648478994 0.8525554047942108 0.38676967648478994 0.8498417005879693 0.38387252535007244 0.8521031207598372 0.3476581361661033 0.8534599728629579 0.3408981168517624 0.8570782451379466 0.3394495412844037
0 0.015377657168701944 0.32158377595364557 0.018995929443690638 0.32158377595364557 0.0203527815468114 0.3239980685659102 0.018995929443690638 0.3302752293577982 0.015829941203075532 0.32979237083534524 0.015377657168701944 0.3220666344760985
0 0.05698778833107191 0.6890391115403187 0.06060606060606061 0.6904876871076775 0.06060606060606061 0.692901979719942 0.05698778833107191 0.6933848382423949 0.05698778833107191 0.6895219700627716
0 0.7281772953414745 0.521970062771608 0.7304387155133424 0.5224529212940608 0.7304387155133424 0.5258329309512313 0.7281772953414745 0.5267986479961372 0.7241067390321122 0.5258329309512313 0.7277250113071009 0.521970062771608
0 0.24875621890547264 0.4519555770159343 0.250565355042967 0.4529212940608402 0.24830393487109906 0.4543698696281989 0.24830393487109906 0.4519555770159343
0 0.3516508367254636 0.4889859971028489 0.0026096788783355946 0.0022308063737324964
0 0.7272591587516961 0.34139546112988894 0.004034373586612392 0.004958957025591501
0 0.8045137946630484 0.33649927571221633 0.003301673450927182 0.003264123611781748
0 0.7161374943464496 0.37715113471752776 0.0028132066938037084 0.0020859488169966203