0 0.3877019280875456 0.6299387868670006 0.3976029181865555 0.6410684474123539 0.3996873371547681 0.6477462437395659 0.3866597186034393 0.6494156928213689 0.36477331943720687 0.6471897607122983 0.36529442417926006 0.6438508625486923 0.3731109953100573 0.6349471341124096 0.3824908806670141 0.6299387868670006 0.3871808233454924 0.6299387868670006
0 0.6284523189161021 0.2888146911519199 0.6347055758207399 0.29660545353366724 0.6263678999478896 0.3105175292153589 0.6227201667535175 0.3088480801335559 0.6190724335591454 0.2988313856427379 0.62480458572173 0.28937117417918756 0.627931214174049 0.2888146911519199
0 0.48410630536737886 0.3099610461880913 0.4877540385617509 0.3132999443516973 0.491401771756123 0.3233166388425153 0.4966128191766545 0.35058430717863104 0.4955706096925482 0.3561491374513077 0.4877540385617509 0.3567056204785754 0.48410630536737886 0.3105175292153589
0 0.7634184471078687 0.6321647189760712 0.7670661803022407 0.6410684474123539 0.7696717040125065 0.6638842515303284 0.7696717040125065 0.6822481914301614 0.7660239708181344 0.6894824707846411 0.7550807712350183 0.6861435726210351 0.7394476289734236 0.6750139120756817 0.7446586763939552 0.659432387312187 0.7592496091714435 0.6343906510851419 0.7628973423658155 0.6321647189760712
0 0.4012506513809276 0.13132999443516974 0.40594059405940597 0.13912075681691707 0.4043772798332465 0.1441291040623261 0.399166232412715 0.14357262103505844 0.39708181344450233 0.14023372287145242 0.3965607087024492 0.1335559265442404 0.4007295466388744 0.13132999443516974
0 0.6852527357998958 0.2303839732888147 0.6868160500260553 0.22426265998887035 0.6925482021886399 0.221480244852532 0.6993225638353309 0.23650528658875905 0.6993225638353309 0.2426265998887034 0.693069306930693 0.24652198107957707 0.6899426784783742 0.2459654980523094 0.6857738405419489 0.23094045631608237
0 0.1719645648775404 0.44741235392320533 0.1771756122980719 0.4501947690595437 0.17873892652423137 0.4535336672231497 0.17665450755601875 0.45631608235948806 0.1818655549765503 0.4590984974958264 0.1818655549765503 0.46299387868670006 0.18655549765502866 0.46688925987757374 0.1839499739447629 0.4769059543683918 0.18551328817092236 0.48080133555926546 0.1829077644606566 0.48580968280467446 0.18342886920270973 0.4941569282136895 0.18082334549244397 0.4974958263772955 0.1839499739447629 0.5041736227045075 0.1818655549765503 0.5091819699499165 0.1849921834288692 0.5153032832498609 0.18342886920270973 0.5414579855314413 0.18551328817092236 0.557039510294936 0.17873892652423137 0.5759599332220368 0.1709223553934341 0.5748469671675014 0.167274622199062 0.5642737896494157 0.15737363210005212 0.4724540901502504 0.16102136529442418 0.452977184195882 0.17144346013548722 0.44741235392320533
0 0.3824908806670141 0.5063995548135782 0.3976029181865555 0.5086254869226489 0.39551849921834287 0.5119643850862549 0.3809275664408546 0.5203116304952699 0.36685773840541946 0.5186421814134669 0.3491401771756123 0.5119643850862549 0.34809796769150597 0.5086254869226489 0.3611255862428348 0.5047301057317752 0.3819697759249609 0.5063995548135782
0 0.6326211568525274 0.431274346132443 0.6326211568525274 0.434613244296049 0.6138613861386139 0.4674457429048414 0.5909327774882751 0.45631608235948806 0.5888483585200626 0.452977184195882 0.6190724335591454 0.434613244296049 0.6321000521104742 0.431274346132443
0 0.17352787910369985 0.19838619922092376 0.02918186555497655 0.09849749582637729
0 0.9791558103178739 0.4051196438508626 0.9822824387701928 0.41068447412353926 0.9812402292860865 0.41569282136894825 0.9671704012506513 0.4273789649415693 0.9630015633142261 0.4257095158597663 0.9630015633142261 0.41513633834168057 0.9729025534132361 0.4062326099053979 0.9786347055758208 0.4051196438508626
0 0.5466388744137571 0.7006121313299944 0.5466388744137571 0.7067334446299388 0.5294424179260031 0.7351140790205899 0.525794684731631 0.7351140790205899 0.5247524752475248 0.7323316638842515 0.5200625325690463 0.7033945464663328 0.5226680562793121 0.7011686143572621 0.546117769671704 0.7006121313299944
0 0.3637311099531006 0.9538119087367836 0.38353309015112036 0.9638286032276016 0.38405419489317355 0.9666110183639399 0.3778009379885357 0.9777406789092933 0.3731109953100573 0.9799666110183639 0.3512245961438249 0.9671675013912076 0.3543512245961438 0.9526989426822482 0.3590411672746222 0.9515859766277128 0.3632100052110474 0.9538119087367836
0 0.22042730588848358 0.7084028937117418 0.23084940072954663 0.7161936560934892 0.24283480979676916 0.7362270450751253 0.2688900468994268 0.76850306065665 0.2720166753517457 0.7774067890929327 0.26680562793121415 0.7790762381747357 0.2584679520583637 0.771841958820256 0.23553934340802501 0.7378964941569283 0.21990620114643042 0.7189760712298275 0.21834288692027098 0.7145242070116862 0.21990620114643042 0.7089593767390094
0 0.266284523189161 0.43850862548692265 0.266284523189161 0.442960489705064 0.2621156852527358 0.44240400667779634 0.2621156852527358 0.43962159154145797 0.2657634184471079 0.43850862548692265
0 0.027279833246482543 0.17509738452977183 0.006305367378843147 0.009181969949916527
0 0.021000521104742053 0.17832498608792433 0.0055237102657634185 0.010072342793544797