0 0.2831541218637993 0.46944198405668736 0.2843488649940263 0.4738706820194863 0.2801672640382318 0.47564216120460584 0.2789725209080048 0.47032772364924713 0.28285543608124253 0.46944198405668736
0 0.17144563918757466 0.20637732506643047 0.17502986857825567 0.20401535281960437 0.17891278375149344 0.20992028343666963 0.19086021505376344 0.248597578978447 0.19862604540023895 0.2840271626808385 0.19623655913978494 0.289046353705344 0.19265232974910393 0.2872748745202244 0.17174432497013142 0.20667257159728372
0 0.17861409796893668 0.5022143489813995 0.1917562724014337 0.5284912902273399 0.19474313022700118 0.5701210510776499 0.19414575866188769 0.598464718039563 0.1917562724014337 0.5993504576321228 0.18966547192353644 0.5946265131384706 0.17801672640382318 0.5166814289932093 0.17831541218637992 0.5025095955122527
0 0.3963560334528076 0.5323294951284322 0.41816009557945044 0.5343962208444051 0.41816009557945044 0.5370534396220844 0.40113500597371565 0.5465013286093888 0.36917562724014336 0.5367581930912312 0.37335722819593786 0.5335104812518453 0.3960573476702509 0.5323294951284322
0 0.03643966547192354 0.2202539120165338 0.036738351254480286 0.22940655447298494 0.02956989247311828 0.23354000590493063 0.024790919952210274 0.23088278712725124 0.024193548387096774 0.22468260997933273 0.03195937873357228 0.21936817242397402 0.03614097968936679 0.2202539120165338
0 0.4157706093189964 0.17419545320342486 0.4217443249701314 0.18216710953646295 0.41845878136200715 0.18807204015352819 0.41397849462365593 0.18659580749926188 0.4103942652329749 0.1786241511662238 0.41188769414575865 0.1744906997342781 0.4154719235364397 0.17419545320342486
0 0.23775388291517324 0.7313256569235311 0.24133811230585425 0.7310304103926779 0.25149342891278376 0.7413640389725421 0.2945041816009558 0.7956894006495424 0.29330943847072877 0.798641865958075 0.2897252090800478 0.7995276055506347 0.28285543608124253 0.7933274284027163 0.24074074074074073 0.7410687924416888 0.23775388291517324 0.7316209034543845
0 0.4115890083632019 0.6495423678771775 0.4229390681003584 0.661352229111308 0.4244324970131422 0.6657809270741069 0.4220430107526882 0.6687333923826395 0.40890083632019114 0.6693238854443461 0.3900836320191159 0.6693238854443461 0.3876941457586619 0.668142899320933 0.38739545997610514 0.6648951874815471 0.40412186379928317 0.6519043401240036 0.4112903225806452 0.6495423678771775
0 0.5634707287933094 0.7308827871272513 0.026583034647550775 0.03454384410983171
0 0.7968936678614098 0.6403897254207263 0.8031660692951016 0.6616474756421612 0.8070489844683393 0.6953055801594331 0.8031660692951016 0.6961913197519929 0.7759856630824373 0.6811337466784765 0.7768817204301075 0.6752288160614113 0.796594982078853 0.6406849719515796
0 0.6586021505376344 0.4523176852671981 0.6586021505376344 0.4564511366991438 0.6406810035842294 0.48892825509300264 0.6161887694145759 0.47859462651313844 0.6155913978494624 0.4744611750811928 0.6472520908004779 0.4564511366991438 0.6583034647550776 0.4523176852671981
0 0.3835125448028674 0.9625036905816357 0.4112903225806452 0.9737230587540596 0.41188769414575865 0.9772660171242988 0.40531660692951016 0.9890758783584293 0.4008363201911589 0.9902568644818424 0.37992831541218636 0.9796279893711249 0.3793309438470729 0.970770593445527 0.38321385902031063 0.9627989371124889
0 0.5117980884109916 0.36654856805432534 0.014635603345280765 0.043401240035429584
0 0.6517323775388292 0.31827576025981696 0.6571087216248507 0.32447593740773545 0.6508363201911589 0.33717153823442575 0.6460573476702509 0.3351048125184529 0.6436678614097969 0.32772364924712133 0.6472520908004779 0.3209329790374963 0.6514336917562724 0.31827576025981696
0 0.6995221027479092 0.2787127251254798 0.7037037037037037 0.2831414230882787 0.696236559139785 0.2993799822852081 0.6893667861409797 0.3029229406554473 0.6857825567502986 0.30174195453203423 0.6774193548387096 0.2863891349276646 0.6821983273596177 0.28284617655742544 0.6992234169653524 0.27900797165633306
0 0.7168458781362007 0.2524357838795394 0.7234169653524493 0.2689695896073221 0.7168458781362007 0.2754650132860939 0.7135603345280764 0.273398287570121 0.7090800477897252 0.2601121936817242 0.7102747909199522 0.2550930026572188 0.716547192353644 0.2524357838795394
0 0.7688172043010753 0.2583407144966047 0.7897252090800478 0.2633599055211101 0.7870370370370371 0.26926483613817537 0.7792712066905615 0.2731030410392678 0.7652329749103942 0.2630646589902569 0.7649342891278376 0.25863596102745795 0.7685185185185185 0.2583407144966047
0 0.8001792114695341 0.16386182462356066 0.8034647550776584 0.18748154709182166 0.7998805256869773 0.1857100679067021 0.7956989247311828 0.1730144670800118 0.796594982078853 0.1644523176852672 0.7998805256869773 0.16386182462356066
0 0.6475507765830346 0.04369648656628285 0.6508363201911589 0.043401240035429584 0.6526284348864994 0.046058458813108945 0.6654719235364397 0.08119279598464718 0.6609916367980884 0.10186005314437556 0.6583034647550776 0.10422202539120165 0.6565113500597372 0.10186005314437556 0.6475507765830346 0.04399173309713611
0 0.4994026284348865 0 0.5032855436081243 0 0.5038829151732378 0.005019191024505462 0.501194743130227 0.02037201062887511 0.497610513739546 0.023914968999114262 0.491636798088411 0.01564806613522291 0.4922341696535245 0.012400354295837024 0.4982078853046595 0.008562149394744612 0.4994026284348865 0.0002952465308532625
0 0.5362903225806451 0.6223796870386773 0.002688172043010753 0.005314437555358724
0 0.21251493428912785 0.1479185119574845 0.005077658303464755 0.00590493061706525