0 0.2275395033860045 0.3526315789473684 0.2866817155756208 0.39342105263157895 0.2866817155756208 0.39780701754385966 0.27945823927765234 0.40789473684210525 0.2654627539503386 0.4206140350877193 0.26094808126410834 0.41973684210526313 0.255079006772009 0.4144736842105263 0.2474040632054176 0.41535087719298247 0.24108352144469525 0.41228070175438597 0.20090293453724606 0.381140350877193 0.2018058690744921 0.36929824561403507 0.20632054176072234 0.36271929824561405 0.2216704288939052 0.35219298245614034 0.2270880361173815 0.3526315789473684
0 0.47404063205417607 0.32719298245614037 0.47720090293453726 0.33245614035087717 0.4871331828442438 0.38903508771929823 0.48577878103837474 0.39342105263157895 0.44469525959367945 0.40921052631578947 0.41128668171557564 0.41842105263157897 0.40677200902934535 0.41535087719298247 0.39322799097065464 0.35219298245614034 0.4158013544018059 0.34868421052631576 0.4735891647855531 0.32719298245614037
0 0.5751693002257336 0.3223684210526316 0.581489841986456 0.32587719298245615 0.6126410835214446 0.3285087719298246 0.6424379232505644 0.34078947368421053 0.6794582392776524 0.3482456140350877 0.6812641083521445 0.35219298245614034 0.672234762979684 0.36622807017543857 0.6659142212189616 0.36929824561403507 0.6293453724604966 0.3671052631578947 0.546726862302483 0.3495614035087719 0.546726862302483 0.34517543859649125 0.5602708803611738 0.32587719298245615 0.5665914221218962 0.32105263157894737 0.5747178329571107 0.3223684210526316
0 0.6559819413092551 0.1649122807017544 0.6713318284424379 0.15394736842105264 0.6753950338600452 0.15394736842105264 0.6979683972911964 0.18421052631578946 0.7069977426636569 0.2530701754385965 0.7065462753950339 0.2618421052631579 0.7029345372460497 0.26052631578947366 0.6817155756207675 0.22236842105263158 0.6564334085778781 0.16535087719298244
0 0.8410835214446952 0.22412280701754386 0.8925507900677201 0.23026315789473684 0.8970654627539504 0.2324561403508772 0.8952595936794583 0.26535087719298245 0.8311512415349888 0.2513157894736842 0.8288939051918736 0.24605263157894736 0.8316027088036118 0.2267543859649123 0.8343115124153498 0.2236842105263158 0.8406320541760722 0.22412280701754386
0 0.10564334085778782 0.14868421052631578 0.10970654627539503 0.1543859649122807 0.10970654627539503 0.16842105263157894 0.11602708803611739 0.2118421052631579 0.11060948081264109 0.21754385964912282 0.07539503386004515 0.23903508771929824 0.0708803611738149 0.2381578947368421 0.0690744920993228 0.23464912280701755 0.06591422121896162 0.2219298245614035 0.0600451467268623 0.21052631578947367 0.057787810383747175 0.19517543859649122 0.05282167042889391 0.181140350877193 0.09525959367945824 0.15175438596491228 0.10519187358916479 0.14868421052631578
0 0.12776523702031603 0.2710526315789474 0.14221218961625282 0.2820175438596491 0.145372460496614 0.29254385964912283 0.1435665914221219 0.3131578947368421 0.13769751693002258 0.32412280701754387 0.13002257336343115 0.3280701754385965 0.11647855530474041 0.325 0.09841986455981941 0.3043859649122807 0.10248306997742664 0.2964912280701754 0.11512415349887133 0.2837719298245614 0.12279909706546276 0.2719298245614035 0.127313769751693 0.2710526315789474
0 0.5693002257336343 0.48157894736842105 0.5914221218961625 0.4855263157894737 0.5959367945823928 0.4855263157894737 0.599548532731377 0.4820175438596491 0.6952595936794582 0.49122807017543857 0.7006772009029345 0.49429824561403507 0.6997742663656885 0.49780701754385964 0.6961625282167043 0.4982456140350877 0.6686230248306998 0.4969298245614035 0.6446952595936795 0.49298245614035086 0.6203160270880361 0.49912280701754386 0.6036117381489842 0.4982456140350877 0.5693002257336343 0.49122807017543857 0.563882618510158 0.4842105263157895 0.5643340857787811 0.48026315789473684 0.5688487584650113 0.48157894736842105
0 0.43115124153498874 0.4543859649122807 0.44966139954853274 0.4706140350877193 0.45778781038374716 0.4868421052631579 0.46817155756207673 0.49956140350877193 0.46952595936794583 0.5171052631578947 0.4668171557562077 0.5293859649122807 0.4632054176072235 0.5289473684210526 0.4618510158013544 0.5258771929824562 0.4600451467268623 0.49780701754385964 0.44424379232505645 0.4723684210526316 0.4252821670428894 0.4583333333333333 0.4270880361173815 0.4530701754385965 0.4306997742663657 0.4543859649122807
0 0.6591422121896162 0.7899122807017543 0.6735891647855531 0.7907894736842105 0.6794582392776524 0.7964912280701755 0.6812641083521445 0.8065789473684211 0.6875846501128668 0.8162280701754386 0.708352144469526 0.8697368421052631 0.727313769751693 0.8973684210526316 0.727313769751693 0.9043859649122807 0.7232505643340857 0.9100877192982456 0.7160270880361174 0.9109649122807018 0.7060948081264108 0.9052631578947369 0.6957110609480812 0.912719298245614 0.691647855530474 0.9092105263157895 0.6862302483069977 0.8833333333333333 0.67313769751693 0.8482456140350877 0.6469525959367946 0.8008771929824562 0.6460496613995486 0.7960526315789473 0.6483069977426636 0.7925438596491228 0.6586907449209932 0.7899122807017543
0 0.33498871331828445 0.712280701754386 0.33724604966139954 0.7219298245614035 0.345372460496614 0.7263157894736842 0.3489841986455982 0.725 0.36839729119638825 0.7342105263157894 0.37020316027088035 0.7517543859649123 0.3724604966139955 0.7548245614035087 0.37652370203160274 0.7491228070175439 0.3805869074492099 0.7649122807017544 0.3778781038374718 0.7828947368421053 0.381941309255079 0.7925438596491228 0.381038374717833 0.8 0.37652370203160274 0.8052631578947368 0.36794582392776526 0.8078947368421052 0.3625282167042889 0.8157894736842105 0.3512415349887133 0.8118421052631579 0.3313769751693002 0.8118421052631579 0.30383747178329573 0.8171052631578948 0.2997742663656885 0.8166666666666667 0.2930022573363431 0.8074561403508772 0.2880361173814898 0.8070175438596491 0.2880361173814898 0.7894736842105263 0.2862302483069977 0.7872807017543859 0.2817155756207675 0.787719298245614 0.27900677200902935 0.7807017543859649 0.272686230248307 0.7864035087719298 0.27584650112866815 0.7899122807017543 0.2830699774266366 0.7921052631578948 0.2848758465011287 0.7964912280701755 0.28261851015801354 0.8008771929824562 0.28081264108352144 0.7982456140350878 0.2767494356659142 0.7978070175438596 0.2767494356659142 0.8070175438596491 0.272686230248307 0.8057017543859649 0.2749435665914221 0.8 0.2695259593679458 0.7942982456140351 0.27223476297968396 0.7894736842105263 0.2690744920993228 0.7807017543859649 0.2695259593679458 0.7583333333333333 0.27945823927765234 0.7482456140350877 0.28081264108352144 0.730701754385965 0.2830699774266366 0.7258771929824561 0.2930022573363431 0.7258771929824561 0.3002257336343115 0.718859649122807 0.3042889390519187 0.7241228070175438 0.31015801354401806 0.7201754385964912 0.31060948081264106 0.7175438596491228 0.3160270880361174 0.7219298245614035 0.3214446952595937 0.7214912280701754 0.327765237020316 0.724561403508772 0.33363431151241535 0.7201754385964912 0.33047404063205416 0.7135964912280702 0.3345372460496614 0.712280701754386
0 0.3525959367945824 0.47850877192982455 0.3711060948081264 0.49078947368421055 0.3742663656884876 0.49429824561403507 0.37336343115124154 0.4982456140350877 0.32505643340857787 0.5442982456140351 0.3033860045146727 0.5276315789473685 0.30248306997742663 0.5228070175438596 0.3422121896162528 0.48333333333333334 0.34853273137697516 0.4780701754385965 0.35214446952595935 0.47850877192982455
0 0.06772009029345373 0.6995614035087719 0.07178329571106094 0.6982456140350877 0.09345372460496613 0.7021929824561404 0.11602708803611739 0.7030701754385965 0.11963882618510158 0.7052631578947368 0.11512415349887133 0.7166666666666667 0.0744920993227991 0.7864035087719298 0.06817155756207675 0.7934210526315789 0.0636568848758465 0.793859649122807 0.028893905191873587 0.7881578947368421 0.02618510158013544 0.7864035087719298 0.02618510158013544 0.7828947368421053 0.06772009029345373 0.7
0 0.26275395033860044 0.19298245614035087 0.2690744920993228 0.19649122807017544 0.27900677200902935 0.22719298245614036 0.2618510158013544 0.2355263157894737 0.25778781038374715 0.23421052631578948 0.255079006772009 0.22850877192982455 0.2474040632054176 0.20877192982456141 0.24695259593679458 0.20219298245614034 0.2510158013544018 0.19780701754385965 0.26230248306997744 0.19298245614035087
0 0.1580135440180587 0.20833333333333334 0.1778781038374718 0.2236842105263158 0.19006772009029346 0.23728070175438595 0.18600451467268622 0.2442982456140351 0.17246049661399548 0.256140350877193 0.16659142212189615 0.2548245614035088 0.13544018058690746 0.23464912280701755 0.1363431151241535 0.2293859649122807 0.1471783295711061 0.21535087719298246 0.15395033860045146 0.20877192982456141 0.15756207674943568 0.20833333333333334
0 0.7336343115124153 0.5381578947368421 0.7381489841986456 0.5407894736842105 0.7485327313769752 0.5539473684210526 0.7485327313769752 0.5592105263157895 0.7155756207674944 0.5587719298245614 0.6925507900677201 0.5552631578947368 0.6528216704288939 0.6135964912280701 0.6474040632054177 0.6192982456140351 0.6270880361173815 0.6285087719298246 0.61941309255079 0.6263157894736842 0.61941309255079 0.6192982456140351 0.6388261851015802 0.605701754385965 0.6446952595936795 0.5912280701754385 0.6758465011286682 0.5429824561403509 0.6826185101580136 0.5385964912280702 0.7331828442437923 0.5381578947368421
0 0.1507900677200903 0.5956140350877193 0.18600451467268622 0.6192982456140351 0.1873589164785553 0.6241228070175439 0.14808126410835215 0.6767543859649123 0.1435665914221219 0.6802631578947368 0.13905191873589165 0.6789473684210526 0.10519187358916479 0.6552631578947369 0.10338600451467268 0.650438596491228 0.15033860045146727 0.5960526315789474
0 0.527313769751693 0.5530701754385965 0.5760722347629796 0.5986842105263158 0.5792325056433408 0.6052631578947368 0.5399548532731377 0.6390350877192983 0.5340857787810384 0.6368421052631579 0.4866817155756208 0.5850877192982457 0.48939051918735893 0.5802631578947368 0.5191873589164786 0.5552631578947368 0.5232505643340858 0.5526315789473685 0.52686230248307 0.5530701754385965
0 0.5169300225733634 0.2675438596491228 0.5602708803611738 0.2719298245614035 0.5643340857787811 0.2881578947368421 0.562528216704289 0.29736842105263156 0.5575620767494357 0.2964912280701754 0.5124153498871332 0.2723684210526316 0.5115124153498871 0.268859649122807 0.5164785553047404 0.2675438596491228
0 0.29706546275395035 0.11973684210526316 0.3002257336343115 0.12368421052631579 0.3002257336343115 0.13289473684210526 0.2979683972911964 0.13728070175438598 0.28577878103837473 0.14736842105263157 0.25869074492099325 0.1587719298245614 0.21670428893905191 0.17149122807017544 0.20993227990970656 0.17149122807017544 0.20812641083521444 0.16798245614035087 0.20993227990970656 0.15394736842105264 0.21670428893905191 0.14035087719298245 0.24063205417607222 0.13333333333333333 0.2690744920993228 0.12894736842105264 0.28848758465011287 0.1206140350877193 0.2966139954853273 0.11973684210526316
0 0.5155756207674943 0.881578947368421 0.5191873589164786 0.887280701754386 0.5196388261851016 0.893859649122807 0.5137697516930022 0.8995614035087719 0.509255079006772 0.8973684210526316 0.5074492099322799 0.8864035087719299 0.5151241534988713 0.881578947368421
0 0.5873589164785553 0.6447368421052632 0.6058690744920994 0.6460526315789473 0.6108352144469525 0.650438596491228 0.61941309255079 0.6855263157894737 0.6022573363431152 0.6890350877192982 0.5950338600451467 0.6868421052631579 0.5846501128668171 0.6587719298245615 0.5810383747178329 0.6469298245614035 0.5869074492099323 0.6447368421052632