0 0.44227959084266927 0.8010230179028133 0.4461763273258646 0.8020460358056266 0.44227959084266927 0.8204603580562659 0.4169508037018997 0.8879795396419438 0.415002435460302 0.8905370843989769 0.41061860691670726 0.8905370843989769 0.4086702386751096 0.8869565217391304 0.44227959084266927 0.80153452685422
0 0.7082318558207501 0.3381074168797954 0.7150511446663419 0.3452685421994885 0.7131027764247443 0.35396419437340154 0.7043351193375548 0.35345268542199487 0.6960545543107647 0.35703324808184145 0.6926449098879688 0.35345268542199487 0.6936190940087676 0.3452685421994885 0.7077447637603507 0.3381074168797954
0 0.1505114466634194 0.340153452685422 0.15197272284461763 0.3462915601023018 0.14661471018022407 0.3626598465473146 0.12323429128105212 0.3959079283887468 0.11982464685825621 0.3989769820971867 0.11592791037506088 0.3979539641943734 0.1164150024354603 0.3907928388746803 0.14661471018022407 0.34271099744245526 0.15002435460301997 0.34066496163682863
0 0.962493911349245 0.27902813299232737 0.046760837798343884 0.034271099744245526
0 0.20068192888455919 0.6015345268542199 0.20311738918655625 0.6035805626598465 0.20457866536775451 0.6107416879795396 0.20263029712615685 0.6230179028132993 0.19922065270336092 0.6214833759590793 0.1977593765221627 0.6020460358056265 0.20019483682415976 0.6015345268542199
0 0.4943984413054067 0.5120204603580563 0.49829517778860205 0.5181585677749361 0.49829517778860205 0.5222506393861892 0.4875791524598149 0.5258312020460358 0.48270823185582074 0.5222506393861892 0.48075986361422307 0.5156010230179028 0.4880662445202143 0.5120204603580563 0.4939113492450073 0.5120204603580563
0 0.5431076473453482 0.31202046035805625 0.5465172917681442 0.31508951406649616 0.5460301997077448 0.3309462915601023 0.5435947394057477 0.3375959079283887 0.5372625426205553 0.33657289002557544 0.5343399902581588 0.33350383631713554 0.5362883584997564 0.3130434782608696 0.5426205552849489 0.31202046035805625
0 0.8485143692157818 0.7340153452685422 0.9215781782756941 0.7273657289002557 0.9347296639064783 0.7242966751918158 0.9400876765708719 0.7258312020460358 0.9396005845104725 0.7289002557544757 0.9361909400876766 0.7309462915601023 0.8782269849001462 0.7375959079283887 0.8504627374573794 0.7391304347826086 0.8480272771553824 0.7375959079283887 0.8485143692157818 0.7345268542199489
0 0.18387725280077935 0.9782608695652174 0.020944958597174865 0.01278772378516624
0 0.7700925474914759 0.9309462915601023 0.7715538236726741 0.9396419437340153 0.7691183633706771 0.9416879795396419 0.7530443253774963 0.9427109974424552 0.7247929858743303 0.948849104859335 0.7184607890891378 0.9473145780051151 0.7199220652703361 0.9416879795396419 0.7647345348270823 0.9304347826086956 0.7696054554310765 0.9309462915601023
0 0.7847053093034584 0.5296675191815857 0.047735021919142716 0.014833759590792838
0 0.4534827082318558 0.3268542199488491 0.45981490501704825 0.3340153452685422 0.46078908913784705 0.33861892583120207 0.4432537749634681 0.359079283887468 0.43546030199707747 0.35294117647058826 0.4305893813930833 0.34271099744245526 0.446663419386264 0.3278772378516624 0.4529956161714564 0.3268542199488491
0 0.7306380905991232 0.16163682864450127 0.7345348270823185 0.1636828644501279 0.7355090112031174 0.17033248081841432 0.7243058938139308 0.18363171355498722 0.7204091573307355 0.18618925831202046 0.7155382367267413 0.17851662404092072 0.7155382367267413 0.17493606138107418 0.7199220652703361 0.16777493606138108 0.7301509985387238 0.16214833759590794
0 0.8178275694106186 0.27877237851662406 0.8436434486117876 0.2997442455242967 0.8543594739405748 0.3145780051150895 0.8553336580613736 0.3207161125319693 0.8533852898197759 0.3217391304347826 0.8139308329274233 0.28746803069053706 0.8139308329274233 0.2813299232736573 0.8173404773502192 0.27877237851662406
0 0.6507549926936191 0.6414322250639386 0.6507549926936191 0.6332480818414322 0.6609839259620068 0.5938618925831202 0.6668290306867998 0.6020460358056265 0.6867998051631758 0.6475703324808184 0.6794934242571846 0.648081841432225 0.6512420847540185 0.6414322250639386
0 0.3628835849975645 0.09616368286445012 0.3653190452995616 0.10485933503836317 0.36337067705796394 0.11150895140664961 0.3580126643935704 0.10997442455242967 0.3550901120311739 0.10025575447570333 0.3560642961519727 0.09616368286445012 0.36239649293716514 0.09616368286445012
0 0.5723331709693132 0.578005115089514 0.5801266439357039 0.5979539641943734 0.5796395518753045 0.6051150895140665 0.5640526059425232 0.6015345268542199 0.5567462250365319 0.5923273657289002 0.5582075012177301 0.5877237851662405 0.5718460789089138 0.578005115089514
0 0.5996103263516804 0.16828644501278772 0.6030199707744763 0.17135549872122763 0.6020457866536776 0.18107416879795396 0.5996103263516804 0.18312020460358056 0.5884072089624939 0.1826086956521739 0.5859717486604968 0.18005115089514068 0.5888943010228933 0.16879795396419436 0.599123234291281 0.16828644501278772
0 0.8129566488066244 0.4547314578005115 0.8183146614710181 0.45626598465473145 0.8173404773502192 0.46035805626598464 0.7968826108134437 0.4659846547314578 0.7929858743302484 0.4659846547314578 0.7944471505114467 0.4608695652173913 0.8046760837798344 0.45575447570332484 0.812469556746225 0.4547314578005115
0 0.859230394544569 0.39948849104859335 0.861665854846566 0.40153452685422 0.8626400389673649 0.4071611253196931 0.864101315148563 0.4470588235294118 0.855820750121773 0.44808184143222507 0.8543594739405748 0.4465473145780051 0.855820750121773 0.40869565217391307 0.8587433024841695 0.4
0 0.37213833414515346 0.5554987212276215 0.3770092547491476 0.569309462915601 0.3818801753531417 0.5749360613810741 0.36970287384315637 0.5902813299232736 0.36337067705796394 0.5815856777493607 0.3580126643935704 0.5636828644501278 0.36678032148075984 0.5565217391304348 0.37165124208475403 0.5554987212276215
0 0.7298246468582562 0.5865319693094629 0.00876765708718948 0.0068184143222506394
0 0.5973356064296151 0.7239539641943734 0.00876765708718948 0.011595907928388747
0 0.7457379444715051 0.6859335038363171 0.004223088163662932 0.0037493606138107416
0 0.8768241597661958 0.7097493606138107 0.0032830004870920606 0.0032122762148337597
0 0.8657233317096931 0.713079283887468 0.004870920603994155 0.0029718670076726342
0 0 0.3800511508951407 0.00535801266439357 0.3846547314578005 0.004870920603994155 0.39028132992327363 0 0.3918158567774936 0 0.3805626598465473
0 0.34662445202143205 0.5502199488491049 0.002898197759376522 0.0027672634271099744
0 0.24111056989771068 0.5151713554987212 0.004344861178762786 0.002071611253196931
0 0.049547004383828544 0.7576726342710998 0.006239649293716513 0.005754475703324808