0 0.8112623762376238 0.3215434083601286 0.8329207920792079 0.3234726688102894 0.8391089108910891 0.3260450160771704 0.8483910891089109 0.35498392282958197 0.8459158415841584 0.35884244372990354 0.8168316831683168 0.36591639871382636 0.8100247524752475 0.36463022508038584 0.7964108910891089 0.3260450160771704 0.7988861386138614 0.3215434083601286 0.8106435643564357 0.3215434083601286
0 0.7710396039603961 0.2945337620578778 0.775990099009901 0.2977491961414791 0.7735148514851485 0.3054662379421222 0.7481435643564357 0.30996784565916397 0.7400990099009901 0.3086816720257235 0.7407178217821783 0.2977491961414791 0.7704207920792079 0.2945337620578778
0 0.6324257425742574 0.3691318327974277 0.681930693069307 0.3517684887459807 0.6943069306930693 0.3762057877813505 0.6905940594059405 0.3807073954983923 0.6435643564356436 0.3929260450160772 0.6324257425742574 0.36977491961414793
0 0.12314356435643564 0.5254019292604502 0.12623762376237624 0.5356913183279742 0.1219059405940594 0.5389067524115756 0.11324257425742575 0.5369774919614148 0.11200495049504951 0.5318327974276528 0.11386138613861387 0.5286173633440514 0.12252475247524752 0.5254019292604502
0 0.8521039603960396 0.5035369774919615 0.8558168316831684 0.5061093247588424 0.8589108910891089 0.5215434083601286 0.8564356435643564 0.5266881028938907 0.8094059405940595 0.5459807073954984 0.8056930693069307 0.5459807073954984 0.8025990099009901 0.5427652733118971 0.7995049504950495 0.5318327974276528 0.7995049504950495 0.5215434083601286 0.8106435643564357 0.5157556270096463 0.8514851485148515 0.5041800643086817
0 0.9672029702970297 0.5967845659163987 0.974009900990099 0.6051446945337621 0.9758663366336634 0.6115755627009646 0.9746287128712872 0.6167202572347267 0.9251237623762376 0.6546623794212219 0.9214108910891089 0.6540192926045016 0.9170792079207921 0.6482315112540193 0.9102722772277227 0.6334405144694534 0.9108910891089109 0.6302250803858521 0.9554455445544554 0.6012861736334405 0.9665841584158416 0.5967845659163987
0 0.42883663366336633 0.7215434083601286 0.4511138613861386 0.7408360128617363 0.4498762376237624 0.7504823151125402 0.4381188118811881 0.7839228295819936 0.41646039603960394 0.7819935691318328 0.42326732673267325 0.7337620578778135 0.42574257425742573 0.7234726688102894 0.4282178217821782 0.7215434083601286
0 0.13675742574257427 0.7466237942122187 0.15903465346534654 0.760128617363344 0.1751237623762376 0.7665594855305466 0.1751237623762376 0.7710610932475884 0.16150990099009901 0.7903536977491962 0.1577970297029703 0.7903536977491962 0.11695544554455446 0.7704180064308682 0.11819306930693069 0.7652733118971061 0.12933168316831684 0.7491961414790996 0.13304455445544555 0.7453376205787782 0.13613861386138615 0.7466237942122187
0 0.46410891089108913 0.26688102893890675 0.49195544554455445 0.2752411575562701 0.49133663366336633 0.2823151125401929 0.4814356435643564 0.3086816720257235 0.4709158415841584 0.3292604501607717 0.4430693069306931 0.32411575562700967 0.4368811881188119 0.32090032154340836 0.45482673267326734 0.27266881028938905 0.4591584158415842 0.26688102893890675 0.463490099009901 0.26688102893890675
0 0.34839108910891087 0.6244372990353698 0.3564356435643564 0.639871382636656 0.3558168316831683 0.645016077170418 0.3186881188118812 0.6533762057877813 0.31435643564356436 0.6514469453376206 0.31064356435643564 0.6411575562700965 0.3032178217821782 0.6334405144694534 0.30383663366336633 0.6302250803858521 0.3186881188118812 0.6263665594855305 0.3292079207920792 0.6282958199356913 0.34777227722772275 0.6244372990353698
0 0.25185643564356436 0.6205787781350482 0.2636138613861386 0.6295819935691318 0.265470297029703 0.6353697749196141 0.2271039603960396 0.7022508038585209 0.22400990099009901 0.7041800643086816 0.2202970297029703 0.7022508038585209 0.21225247524752475 0.6958199356913183 0.20977722772277227 0.6893890675241158 0.2370049504950495 0.6482315112540193 0.25123762376237624 0.6212218649517685
0 0.7277227722772277 0.4122186495176849 0.7351485148514851 0.4572347266881029 0.7339108910891089 0.45980707395498394 0.7178217821782178 0.46109324758842446 0.7147277227722773 0.4604501607717042 0.7122524752475248 0.45594855305466236 0.7042079207920792 0.4173633440514469 0.7066831683168316 0.4141479099678457 0.7271039603960396 0.4122186495176849
0 0.3217821782178218 0.21672025723472668 0.38551980198019803 0.2463022508038585 0.38551980198019803 0.2514469453376206 0.37314356435643564 0.2771704180064309 0.36633663366336633 0.28553054662379423 0.34220297029702973 0.27588424437299036 0.30198019801980197 0.2546623794212219 0.30074257425742573 0.24758842443729903 0.3100247524752475 0.222508038585209 0.31373762376237624 0.21736334405144694 0.32116336633663367 0.21672025723472668
0 0.297029702970297 0.31382636655948554 0.32425742574257427 0.3672025723472669 0.3285891089108911 0.37942122186495175 0.327970297029703 0.38456591639871385 0.3180693069306931 0.3819935691318328 0.30816831683168316 0.3832797427652733 0.2926980198019802 0.3710610932475884 0.2902227722772277 0.32411575562700967 0.2964108910891089 0.31382636655948554
0 0.8564356435643564 0.36591639871382636 0.875 0.3832797427652733 0.8811881188118812 0.3929260450160772 0.8768564356435643 0.41864951768488745 0.8731435643564357 0.4237942122186495 0.869430693069307 0.42443729903536975 0.8508663366336634 0.41286173633440515 0.8465346534653465 0.4057877813504823 0.849009900990099 0.37684887459807076 0.8527227722772277 0.3672025723472669 0.8558168316831684 0.36591639871382636
0 0.8199257425742574 0.5646302250803859 0.8329207920792079 0.5710610932475885 0.8341584158415841 0.5742765273311897 0.817450495049505 0.5884244372990354 0.7982673267326733 0.5813504823151125 0.7951732673267327 0.577491961414791 0.8106435643564357 0.5633440514469453 0.8193069306930693 0.5646302250803859
0 0.4876237623762376 0.3517684887459807 0.5080445544554455 0.3607717041800643 0.5847772277227723 0.3852090032154341 0.5785891089108911 0.40192926045016075 0.557549504950495 0.4437299035369775 0.5513613861386139 0.4456591639871383 0.4597772277227723 0.4090032154340836 0.4870049504950495 0.352411575562701
0 0.4498762376237624 0 0.4839108910891089 0 0.49504950495049505 0.00964630225080386 0.5117574257425742 0.015434083601286173 0.5247524752475248 0.02765273311897106 0.6051980198019802 0.07717041800643087 0.6157178217821783 0.08617363344051447 0.6095297029702971 0.1022508038585209 0.6058168316831684 0.10546623794212219 0.6021039603960396 0.10482315112540193 0.5457920792079208 0.05852090032154341 0.4771039603960396 0.01157556270096463 0.43254950495049505 0.017363344051446947 0.41398514851485146 0.023794212218649517 0.3935643564356436 0.03472668810289389 0.3948019801980198 0.02572347266881029 0.4003712871287129 0.01607717041800643 0.41398514851485146 0.010289389067524116 0.4498762376237624 0.0006430868167202572
0 0.32116336633663367 0.62508038585209 0.32425742574257427 0.6263665594855305 0.32301980198019803 0.6302250803858521 0.3131188118811881 0.6327974276527332 0.3069306930693069 0.637299035369775 0.3001237623762376 0.6340836012861736 0.30136138613861385 0.6295819935691318 0.32054455445544555 0.62508038585209