0 0.7485939257592801 0.07879146919431279 0.7514060742407199 0.08234597156398105 0.7514060742407199 0.08827014218009478 0.7373453318335208 0.10308056872037914 0.7328458942632171 0.09834123222748815 0.7328458942632171 0.09300947867298578 0.7401574803149606 0.08293838862559241 0.7480314960629921 0.07879146919431279
0 0.7266591676040495 0.2612559241706161 0.7305961754780652 0.26540284360189575 0.7305961754780652 0.27428909952606634 0.7131608548931384 0.2802132701421801 0.7097862767154106 0.2790284360189573 0.7080989876265467 0.26895734597156395 0.7204724409448819 0.2612559241706161 0.7260967379077615 0.2612559241706161
0 0.20978627671541059 0.5355450236966824 0.21316085489313835 0.5361374407582938 0.21541057367829022 0.542654028436019 0.21484814398200225 0.5550947867298578 0.21316085489313835 0.5574644549763034 0.20978627671541059 0.556872037914692 0.20978627671541059 0.5361374407582938
0 0.38357705286839144 0.48518957345971564 0.38695163104611924 0.48755924170616116 0.38976377952755903 0.5005924170616114 0.3953880764904387 0.5041469194312796 0.3948256467941507 0.5082938388625592 0.3863892013498313 0.518957345971564 0.38357705286839144 0.5219194312796208 0.37907761529808776 0.5213270142180095 0.3689538807649044 0.4982227488151659 0.3712035995500562 0.49229857819905215 0.3830146231721035 0.48578199052132703
0 0.5067491563554556 0.44135071090047395 0.5118110236220472 0.4466824644549763 0.5123734533183352 0.45023696682464454 0.5011248593925759 0.4549763033175355 0.49606299212598426 0.45260663507109006 0.4938132733408324 0.44609004739336494 0.5011248593925759 0.44135071090047395 0.5061867266591676 0.44135071090047395
0 0.6850393700787402 0.5479857819905213 0.03712035995500562 0.058056872037914695
0 0.012935883014623173 0.3122037914691943 0.015185601799775027 0.32049763033175355 0.011811023622047244 0.32582938388625593 0.007311586051743532 0.3240521327014218 0.00562429696287964 0.31398104265402843 0.007874015748031496 0.31161137440758296 0.012373453318335208 0.3122037914691943
0 0.6158605174353206 0.6475118483412322 0.6169853768278966 0.6534360189573459 0.6113610798650169 0.6575829383886256 0.608548931383577 0.6575829383886256 0.6079865016872891 0.6522511848341233 0.6124859392575928 0.6475118483412322 0.6152980877390326 0.6475118483412322
0 0.20359955005624297 0.9087677725118484 0.203037120359955 0.9188388625592417 0.19010123734533182 0.9212085308056872 0.18391451068616424 0.919431279620853 0.1856017997750281 0.9105450236966824 0.203037120359955 0.9087677725118484
0 0.6136107986501688 0.09063981042654029 0.6158605174353206 0.09182464454976304 0.6152980877390326 0.09893364928909952 0.6124859392575928 0.10367298578199052 0.609111361079865 0.10426540284360189 0.5989876265466817 0.1018957345971564 0.5995500562429696 0.09182464454976304 0.6130483689538808 0.09063981042654029
0 0.4651293588301462 0.254739336492891 0.47131608548931386 0.26007109004739337 0.4735658042744657 0.26540284360189575 0.4561304836895388 0.28672985781990523 0.4516310461192351 0.28554502369668244 0.4420697412823397 0.2713270142180095 0.45894263217097864 0.254739336492891 0.4645669291338583 0.254739336492891
0 0.36979752530933635 0.026954976303317536 0.010686164229471317 0.018364928909952605
0 0.5534308211473565 0.26303317535545023 0.547806524184477 0.25888625592417064 0.5494938132733408 0.2381516587677725 0.5562429696287964 0.23755924170616113 0.5596175478065242 0.23992890995260663 0.5584926884139483 0.25829383886255924 0.5568053993250843 0.2618483412322275 0.5539932508436446 0.26244075829383884
0 0.8104611923509561 0.7387440758293838 0.8138357705286839 0.7411137440758294 0.8104611923509561 0.7428909952606635 0.8098987626546682 0.7393364928909952
0 0.8211473565804275 0.7565165876777251 0.8233970753655793 0.7582938388625592 0.8217097862767154 0.7612559241706162 0.8166479190101237 0.7612559241706162 0.8138357705286839 0.7588862559241706 0.8155230596175478 0.7565165876777251 0.8205849268841395 0.7565165876777251
0 0.5866141732283464 0.5065165876777251 0.5956130483689539 0.5290284360189573 0.593363329583802 0.533175355450237 0.5809898762654668 0.5308056872037915 0.5714285714285714 0.5219194312796208 0.5708661417322834 0.518957345971564 0.5860517435320585 0.5065165876777251
0 0.749718785151856 0.509478672985782 0.7514060742407199 0.5118483412322274 0.7480314960629921 0.5154028436018957 0.7446569178852643 0.5154028436018957 0.7440944881889764 0.5118483412322274 0.749156355455568 0.509478672985782
0 0.06074240719910011 0.6895734597156398 0.06355455568053993 0.6919431279620853 0.06130483689538808 0.6966824644549763 0.05793025871766029 0.6954976303317536 0.05793025871766029 0.6907582938388626 0.06017997750281215 0.6895734597156398
0 0.24971878515185603 0.44549763033175355 0.2547806524184477 0.44549763033175355 0.2547806524184477 0.4496445497630332 0.2514060742407199 0.45082938388625593 0.24971878515185603 0.44609004739336494
0 0.8245219347581553 0.4443127962085308 0.8262092238470191 0.4472748815165877 0.8245219347581553 0.45082938388625593 0.8200224971878515 0.4496445497630332 0.8200224971878515 0.44609004739336494 0.8239595050618672 0.4443127962085308
0 0.7835770528683915 0.33020142180094786 0.0041507311586051745 0.002523696682464455
0 0.7466929133858267 0.32592417061611373 0.004330708661417323 0.0036907582938388627
0 0.9634420697412823 0.0740521327014218 0.9645669291338582 0.07938388625592417 0.9634420697412823 0.08056872037914692 0.9611923509561305 0.07760663507109004 0.9628796400449944 0.07464454976303317
0 0.8316535433070866 0.28882109004739337 0.004797525309336333 0.0049289099526066355
0 0.4166197975253093 0.028513033175355453 0.00421822272215973 0.0028139810426540284