0 0.7931422147273749 0.1163175303197354 0.7970770095559303 0.11686879823594266 0.8026981450252951 0.12238147739801543 0.8229342327150084 0.1466372657111356 0.8173130972456436 0.1874310915104741 0.8105677346824058 0.21003307607497243 0.8032602585722316 0.21389195148842338 0.7712197863968522 0.21499448732083792 0.7684092186621697 0.21334068357221608 0.7785272625070264 0.17750826901874311 0.7897695334457561 0.12183020948180816 0.7925801011804384 0.11686879823594266
0 0.6784710511523327 0.09151047409040794 0.6807195053400787 0.09426681367144432 0.6807195053400787 0.10418963616317531 0.6571107363687465 0.2105843439911797 0.6537380550871276 0.21168687982359427 0.6492411467116358 0.20672546857772878 0.6323777403035413 0.18302094818081588 0.6295671725688589 0.1730981256890849 0.6441821247892074 0.1427783902976847 0.6661045531197302 0.10859977949283352 0.670601461495222 0.09757442116868799 0.6779089376053963 0.09206174200661521
0 0.3591905564924115 0.43715545755237045 0.38055087127599774 0.4597574421168688 0.3827993254637437 0.4669239250275634 0.32658797077009555 0.5192943770672547 0.3209668353007307 0.5220507166482911 0.29904440697020795 0.49503858875413453 0.29679595278246207 0.48732083792723263 0.33558178752107926 0.4525909592061742 0.35413153456998314 0.438257993384785 0.35862844294547497 0.43715545755237045
0 0.8038223721191681 0.5192943770672547 0.8206857785272625 0.5253583241455347 0.821247892074199 0.5297684674751929 0.761663856098932 0.6510474090407938 0.7554806070826307 0.6565600882028666 0.7374929735806633 0.6510474090407938 0.7352445193929174 0.6477398015435502 0.7363687464867903 0.6438809261300992 0.7970770095559303 0.5242557883131201 0.8032602585722316 0.5192943770672547
0 0.07532321528948847 0.5187431091510474 0.0893760539629005 0.5264608599779493 0.09162450815064643 0.5330760749724366 0.07082630691399663 0.5793825799338479 0.06857785272625071 0.5716648291069459 0.06070826306913996 0.5661521499448732 0.060146149522203485 0.5628445424476296 0.07082630691399663 0.5248070562293274 0.07476110174255199 0.5187431091510474
0 0.731309724564362 0.3842337375964719 0.7869589657110736 0.40297684674751927 0.8302417088251827 0.41400220507166485 0.8347386172006745 0.4211686879823594 0.8369870713884204 0.43054024255788315 0.8358628442945475 0.43495038588754137 0.7195053400786959 0.4007717750826902 0.7195053400786959 0.39691289966923926 0.7256885890949972 0.3869900771775083 0.7307476110174255 0.3842337375964719
0 0.2203485103991006 0.308710033076075 0.2411467116357504 0.31146637265711136 0.24283305227655985 0.3169790518191841 0.2417088251826869 0.33847850055126794 0.2304665542439573 0.3467475192943771 0.2237211916807195 0.3461962513781698 0.21922428330522767 0.34178610804851156 0.21641371557054526 0.3296582138919515 0.21697582911748173 0.31367144432194044 0.2203485103991006 0.3092613009922823
0 0.865654862282181 0.47078280044101434 0.8740865654862282 0.47739801543550164 0.8735244519392917 0.48125689084895257 0.8662169758291175 0.4862183020948181 0.8594716132658797 0.48511576626240355 0.8566610455311973 0.48125689084895257 0.8600337268128162 0.4724366041896362 0.8650927487352446 0.47078280044101434
0 0.5621135469364812 0.5738699007717751 0.567734682405846 0.5799338478500551 0.5699831365935919 0.5920617420066152 0.5255761663856099 0.6455347298787211 0.5222034851039911 0.6455347298787211 0.5182686902754357 0.6405733186328556 0.5120854412591344 0.6317530319735392 0.5109612141652614 0.6262403528114664 0.5570545250140528 0.5760749724366042 0.5615514333895447 0.5738699007717751
0 0.6784710511523327 0.7563395810363837 0.7296233839235525 0.7833517089305403 0.7268128161888702 0.798787210584344 0.7211916807195053 0.8109151047409041 0.670601461495222 0.7822491730981257 0.6689151208544126 0.7761852260198456 0.671725688589095 0.7657111356119074 0.6745362563237775 0.756890848952591 0.6779089376053963 0.7563395810363837
0 0.6008993816750984 0.139470782800441 0.6093310848791456 0.14167585446527012 0.612141652613828 0.14498346196251377 0.609893198426082 0.19018743109151048 0.5778527262507026 0.18577728776185226 0.5750421585160203 0.1819184123484013 0.5789769533445756 0.14002205071664828 0.5812254075323215 0.1378169790518192 0.6003372681281619 0.139470782800441