0 0.43200325732899025 0.7467775467775468 0.4364820846905538 0.7688149688149688 0.4218241042345277 0.7920997920997921 0.4185667752442997 0.7941787941787942 0.4169381107491857 0.7896049896049896 0.4218241042345277 0.7713097713097713 0.42874592833876224 0.7492723492723493 0.43159609120521175 0.7467775467775468
0 0.6689739413680782 0.38461538461538464 0.6718241042345277 0.3896049896049896 0.6701954397394136 0.3970893970893971 0.6506514657980456 0.4307692307692308 0.6473941368078175 0.4303534303534304 0.6425081433224755 0.42494802494802497 0.6412866449511401 0.4207900207900208 0.6433224755700325 0.4120582120582121 0.6535016286644951 0.3908523908523909 0.6604234527687296 0.3858627858627859 0.6685667752442996 0.38461538461538464
0 0.8737785016286646 0.15051975051975053 0.885586319218241 0.1787941787941788 0.8868078175895765 0.1891891891891892 0.8851791530944625 0.19043659043659045 0.879885993485342 0.18794178794178795 0.8705211726384365 0.16133056133056134 0.8697068403908795 0.15343035343035344 0.873371335504886 0.15051975051975053
0 0.8697068403908795 0.935966735966736 0.9002442996742671 0.9563409563409564 0.8778501628664495 0.9887733887733888 0.872557003257329 0.9925155925155925 0.870114006514658 0.9875259875259875 0.869299674267101 0.9363825363825364
0 0.02768729641693811 0.5239085239085239 0.05456026058631922 0.5430353430353431 0.059039087947882735 0.5542619542619542 0.05781758957654723 0.5588357588357589 0.02239413680781759 0.5322245322245323 0.02035830618892508 0.5293139293139293 0.021172638436482084 0.525987525987526 0.02728013029315961 0.5239085239085239
0 0.5252442996742671 0.5288981288981289 0.5289087947882736 0.5326403326403326 0.5354234527687296 0.5550935550935551 0.5333876221498371 0.5584199584199584 0.5228013029315961 0.5621621621621622 0.5191368078175895 0.5621621621621622 0.5179153094462541 0.5600831600831601 0.5126221498371335 0.5322245322245323 0.5162866449511401 0.5293139293139293 0.5248371335504886 0.5288981288981289
0 0.5370521172638436 0.09771309771309772 0.5423452768729642 0.10353430353430354 0.5492671009771987 0.14054054054054055 0.5468241042345277 0.14386694386694387 0.5293159609120521 0.15343035343035344 0.5268729641693811 0.15135135135135136 0.5268729641693811 0.14594594594594595 0.5301302931596091 0.10561330561330562 0.5321661237785016 0.09688149688149689 0.5366449511400652 0.09771309771309772
0 0.20521172638436483 0.3027027027027027 0.20317589576547232 0.32972972972972975 0.18526058631921824 0.33471933471933474 0.18037459283387622 0.3343035343035343 0.1791530944625407 0.330977130977131 0.1986970684039088 0.3043659043659044 0.20480456026058633 0.3027027027027027
0 0.3350977198697068 0.4652806652806653 0.33754071661237783 0.46694386694386697 0.33876221498371334 0.47442827442827445 0.34486970684039087 0.5496881496881497 0.34283387622149836 0.5550935550935551 0.33876221498371334 0.5534303534303534 0.33754071661237783 0.5476091476091476 0.3314332247557003 0.4802494802494803 0.3318403908794788 0.4673596673596674 0.3346905537459283 0.4652806652806653
0 0.5370521172638436 0.6960498960498961 0.5419381107491856 0.6960498960498961 0.5781758957654723 0.7110187110187111 0.5789902280130294 0.7139293139293139 0.5675895765472313 0.7272349272349272 0.5553745928338762 0.7168399168399169 0.5374592833876222 0.6964656964656964
0 0.1270358306188925 0.8108108108108109 0.14169381107491857 0.834927234927235 0.14332247557003258 0.8382536382536383 0.14128664495114007 0.83991683991684 0.10749185667752444 0.8278586278586278 0.10708469055374593 0.8245322245322245 0.126628664495114 0.8108108108108109
0 0.38273615635179153 0.35592515592515594 0.38721498371335505 0.35550935550935553 0.39087947882736157 0.35883575883575886 0.39006514657980457 0.36382536382536385 0.38355048859934854 0.36964656964656967 0.3778501628664495 0.3659043659043659 0.378257328990228 0.36174636174636177 0.38273615635179153 0.35634095634095636
0 0.13273615635179153 0.09896049896049897 0.20643322475570033 0.11933471933471934 0.21050488599348535 0.1264033264033264 0.1982899022801303 0.12931392931392932 0.17956026058631921 0.12681912681912683 0.126628664495114 0.10602910602910603 0.11929967426710097 0.10228690228690229 0.11767100977198697 0.09854469854469855 0.12296416938110749 0.09688149688149689 0.13232899022801303 0.09896049896049897
0 0.1771172638436482 0.37214137214137216 0.18526058631921824 0.37671517671517674 0.18851791530944625 0.3858627858627859 0.18607491856677524 0.39002079002079004 0.16245928338762214 0.3762993762993763 0.16123778501628663 0.372972972972973 0.16368078175895764 0.37172557172557175 0.1767100977198697 0.37214137214137216
0 0.8277687296416938 0.37422037422037424 0.8298045602605864 0.3758835758835759 0.8281758957654723 0.37920997920997923 0.7968241042345277 0.41704781704781707 0.7899022801302932 0.3941787941787942 0.7899022801302932 0.38711018711018713 0.8273615635179153 0.37463617463617466
0 0.4218241042345277 0.3604989604989605 0.44381107491856675 0.3970893970893971 0.44340390879478825 0.40041580041580044 0.42874592833876224 0.3966735966735967 0.4234527687296417 0.3916839916839917 0.4181596091205212 0.37713097713097715 0.4181596091205212 0.36964656964656967 0.4214169381107492 0.36091476091476093
0 0.7699511400651465 0.1708939708939709 0.8322475570032574 0.22286902286902288 0.8355048859934854 0.22785862785862787 0.8318403908794788 0.23326403326403328 0.8245114006514658 0.23076923076923078 0.7695439739413681 0.17962577962577964 0.7658794788273615 0.17505197505197506 0.7666938110749185 0.17172557172557174 0.7695439739413681 0.1708939708939709
0 0.8591205211726385 0.2914760914760915 0.864413680781759 0.2948024948024948 0.865228013029316 0.3002079002079002 0.8538273615635179 0.31434511434511436 0.8489413680781759 0.3151767151767152 0.8452768729641694 0.3072765072765073 0.8554560260586319 0.29313929313929316 0.8587133550488599 0.2918918918918919
0 0.6754885993485342 0.6033264033264033 0.6807817589576547 0.604989604989605 0.6820032573289903 0.6095634095634096 0.6701954397394136 0.6336798336798337 0.6575732899022801 0.6528066528066528 0.6543159609120521 0.6523908523908524 0.6555374592833876 0.6365904365904366 0.6640879478827362 0.6203742203742204 0.6649022801302932 0.6083160083160083 0.6681596091205212 0.6033264033264033 0.6750814332247557 0.6033264033264033
0 0.7414495114006515 0.6681912681912682 0.7980456026058632 0.6798336798336798 0.7996742671009772 0.681912681912682 0.7980456026058632 0.6844074844074844 0.7793159609120521 0.6877338877338878 0.7723941368078175 0.6877338877338878 0.745928338762215 0.6752598752598753 0.739413680781759 0.6715176715176715 0.741042345276873 0.6681912681912682
0 0.6995114006514658 0.8777546777546777 0.6995114006514658 0.8740124740124741 0.7129478827361564 0.844906444906445 0.7157980456026058 0.8432432432432433 0.7178338762214984 0.8440748440748441 0.7202768729641694 0.851975051975052 0.7206840390879479 0.8723492723492724 0.7113192182410424 0.8765072765072766 0.6999185667752443 0.8777546777546777
0 0.6408794788273615 0.11517671517671518 0.6494299674267101 0.12307692307692308 0.6498371335504886 0.13804573804573805 0.6473941368078175 0.1417879417879418 0.6453583061889251 0.14095634095634096 0.6437296416938111 0.13180873180873182 0.6416938110749185 0.13347193347193348 0.6433224755700325 0.1367983367983368 0.6416938110749185 0.13887733887733889 0.6368078175895765 0.13721413721413722 0.6392508143322475 0.1338877338877339 0.635586319218241 0.12972972972972974 0.637214983713355 0.1264033264033264 0.6335504885993485 0.125987525987526 0.631514657980456 0.12931392931392932 0.5952768729641694 0.1446985446985447 0.5541530944625407 0.16632016632016633 0.5492671009771987 0.16424116424116425 0.5472312703583062 0.158004158004158 0.5521172638436482 0.14927234927234928 0.621742671009772 0.1180873180873181 0.6376221498371335 0.11767151767151768 0.6404723127035831 0.11517671517671518
0 0.9955211726384365 0.5203742203742203 0.008957654723127036 0.016216216216216217
0 0.7833876221498371 0.5392931392931393 0.7870521172638436 0.5417879417879418 0.7862377850162866 0.5467775467775468 0.762214983713355 0.5613305613305614 0.7585504885993485 0.5613305613305614 0.7593648208469055 0.5571725571725572 0.7829804560260586 0.5392931392931393
0 0.26180781758957655 0.47983367983367986 0.26425081433224756 0.4806652806652807 0.26343648208469056 0.483991683991684 0.25814332247557004 0.483991683991684 0.26140065146579805 0.4802494802494803
0 0.18933224755700326 0.6503118503118503 0.19177524429967427 0.6511434511434512 0.19218241042345277 0.654054054054054 0.18933224755700326 0.654054054054054 0.18892508143322476 0.6507276507276507
0 0.5085504885993485 0.6378378378378379 0.509771986970684 0.6411642411642412 0.50814332247557 0.6424116424116424 0.5052931596091205 0.6403326403326404 0.50814332247557 0.6382536382536382
0 0.5431596091205212 0.49022869022869026 0.5451954397394136 0.4943866943866944 0.5427524429967426 0.49521829521829525 0.5427524429967426 0.49064449064449067
0 0.7110545602605863 0.5099168399168399 0.002349348534201954 0.0027193347193347193
0 0.7107043973941368 0.3140997920997921 0.003269543973941368 0.0028648648648648646