0 0.494944119212347 0.43222222222222223 0.4981373070782331 0.4361111111111111 0.4976051091005854 0.44222222222222224 0.4912187333688132 0.44222222222222224 0.48908994145822243 0.44 0.4906865353911655 0.43444444444444447 0.4944119212346993 0.43222222222222223
0 0.23150612027674294 0.16722222222222222 0.24640766365087813 0.1711111111111111 0.2543906333155934 0.18166666666666667 0.2522618414050027 0.18444444444444444 0.23948908994145823 0.18555555555555556 0.233102714209686 0.18444444444444444 0.23044172432144758 0.18055555555555555 0.22724853645556148 0.16833333333333333 0.23097392229909527 0.16722222222222222
0 0.8044172432144758 0.5911111111111111 0.03991484832357637 0.023333333333333334
0 0.21713677488025546 0.9455555555555556 0.21766897285790315 0.9038888888888889 0.2261841405002661 0.8972222222222223 0.22884513038850451 0.8983333333333333 0.23097392229909527 0.9044444444444445 0.24268227780734433 0.9505555555555556 0.24161788185204897 0.9527777777777777 0.23789249600851517 0.9527777777777777 0.21766897285790315 0.9455555555555556
0 0.6098988823842469 0.48333333333333334 0.6136242682277807 0.48444444444444446 0.6162852581160192 0.4888888888888889 0.6205428419372007 0.48944444444444446 0.6269292176689728 0.5044444444444445 0.623203831825439 0.5105555555555555 0.6216072378924961 0.5205555555555555 0.6333155934007451 0.5255555555555556 0.6397019691325173 0.5361111111111111 0.6391697711548696 0.5438888888888889 0.641830761043108 0.55 0.6327833954230974 0.5577777777777778 0.6386375731772219 0.5644444444444444 0.6397019691325173 0.5794444444444444 0.6444917509313465 0.5766666666666667 0.6487493347525279 0.5816666666666667 0.6460883448642896 0.5983333333333334 0.6471527408195848 0.6027777777777777 0.6428951569984034 0.605 0.640234167110165 0.6138888888888889 0.6226716338477913 0.6111111111111112 0.6173496540713145 0.6066666666666667 0.6088344864289515 0.6072222222222222 0.601383714741884 0.6044444444444445 0.5939329430548164 0.5983333333333334 0.5923363491218734 0.5927777777777777 0.5939329430548164 0.5883333333333334 0.5923363491218734 0.5838888888888889 0.5949973390101118 0.5794444444444444 0.5987227248536455 0.5822222222222222 0.6019159127195317 0.5805555555555556 0.5987227248536455 0.5783333333333334 0.5992549228312932 0.5727777777777778 0.5944651410324641 0.5694444444444444 0.5955295369877595 0.5605555555555556 0.5992549228312932 0.5566666666666666 0.5955295369877595 0.555 0.592868547099521 0.55 0.5949973390101118 0.5455555555555556 0.5992549228312932 0.5444444444444444 0.5992549228312932 0.5422222222222223 0.5923363491218734 0.5377777777777778 0.5875465673230442 0.53 0.5891431612559872 0.5216666666666666 0.5859499733901011 0.5161111111111111 0.5859499733901011 0.4955555555555556 0.5918041511442257 0.48833333333333334 0.5955295369877595 0.49 0.602980308674827 0.48277777777777775 0.6093666844065992 0.48333333333333334
0 0.6551357104843002 0.8444444444444444 0.6939861628525812 0.8655555555555555 0.6929217668972858 0.8705555555555555 0.6828100053219798 0.8827777777777778 0.6758914316125598 0.8788888888888889 0.651942522618414 0.85 0.650345928685471 0.845 0.6546035125066525 0.8444444444444444
0 0.40819584885577437 0.54 0.408728046833422 0.5461111111111111 0.4012772751463544 0.5633333333333334 0.3948908994145822 0.5572222222222222 0.3948908994145822 0.5527777777777778 0.40766365087812667 0.54
0 0.5604044704630122 0.26611111111111113 0.564129856306546 0.2683333333333333 0.5662586482171368 0.29055555555555557 0.5614688664183076 0.2922222222222222 0.5582756785524216 0.2866666666666667 0.5566790846194785 0.27166666666666667 0.5598722724853645 0.26666666666666666
0 0.8355508249068654 0.225 0.8477913783927621 0.23 0.844598190526876 0.24666666666666667 0.8312932410856839 0.2411111111111111 0.8286322511974454 0.23722222222222222 0.8307610431080362 0.22555555555555556 0.8350186269292177 0.225
0 0.21941990420436402 0.4387722222222222 0.004656732304417243 0.0044
0 0.261841405002661 0.4661111111111111 0.26237360298030865 0.4688888888888889 0.2597126130920703 0.47055555555555556 0.2575838211814795 0.4672222222222222 0.2613092070250133 0.4661111111111111