0 0.33071308253790005 0.9623971797884842 0.33969679955081417 0.9629847238542891 0.3481190342504211 0.9665099882491187 0.360471645143178 0.9735605170387779 0.3621560920830994 0.9770857814336075 0.35485682201010665 0.9900117508813161 0.3486805165637282 0.9900117508813161 0.3284671532846715 0.9776733254994124 0.33071308253790005 0.9629847238542891
0 0.7591240875912408 0.6251468860164512 0.7624929814710837 0.6316098707403055 0.7669848399775407 0.6650998824911868 0.7669848399775407 0.6862514688601645 0.7653003930376193 0.6880141010575793 0.7389107243121842 0.6750881316098707 0.7332959011791128 0.6692126909518213 0.7456485120718698 0.6421856639247944 0.7546322290847838 0.6269095182138661 0.7585626052779337 0.6251468860164512
0 0.46715328467153283 0.300235017626322 0.4710836608646828 0.3078730904817861 0.4789444132509826 0.34136310223266747 0.4789444132509826 0.34488836662749706 0.4750140370578327 0.3472385428907168 0.46939921392476136 0.3472385428907168 0.46715328467153283 0.3437132784958872 0.46378439079169004 0.3108108108108108 0.46378439079169004 0.3008225616921269 0.4665918023582257 0.300235017626322
0 0.6816395283548569 0.2044653349001175 0.6895002807411567 0.22150411280846063 0.6889387984278496 0.22796709753231492 0.6805165637282425 0.23031727379553465 0.6732172936552498 0.21327849588719153 0.673778775968557 0.2097532314923619 0.6810780460415496 0.20505287896592245
0 0.19034250421111734 0.7109283196239718 0.19595732734418866 0.7150411280846063 0.2425603593486805 0.7761457109283196 0.24536777091521617 0.782021151586369 0.24368332397529477 0.7849588719153937 0.23750701852891634 0.7837837837837838 0.23020774845592365 0.7761457109283196 0.20830993823694555 0.7438307873090482 0.19539584503088153 0.7320799059929495 0.18865805727119594 0.7197414806110458 0.18809657495788884 0.7126909518213866 0.1897810218978102 0.7109283196239718
0 0.3655249859629422 0.6269095182138661 0.3773161145423919 0.6404230317273796 0.3790005614823133 0.6474735605170387 0.3756316676024705 0.6492361927144535 0.3514879281302639 0.6492361927144535 0.34531162268388543 0.6521739130434783 0.339135317237507 0.6498237367802585 0.34025828186412127 0.6421856639247944 0.35485682201010665 0.6286721504112809 0.36496350364963503 0.6269095182138661
0 0.6193149915777653 0.4189189189189189 0.6209994385176867 0.42303172737955347 0.6019090398652442 0.4582843713278496 0.5979786636720943 0.4582843713278496 0.5760808534531162 0.4471210340775558 0.5755193711398091 0.44242068155111636 0.6187535092644582 0.4195064629847238
0 0.12970241437394722 0.46474735605170386 0.13307130825379002 0.46650998824911866 0.1437394722066255 0.4917743830787309 0.14710836608646827 0.5581668625146886 0.14486243683323977 0.5710928319623971 0.14149354295339697 0.5693301997649823 0.13980909601347558 0.564042303172738 0.13363279056709715 0.5193889541715628 0.12970241437394722 0.46533490011750883
0 0.9809096013475576 0.3871915393654524 0.9848399775407075 0.3936545240893067 0.9848399775407075 0.400117508813161 0.9708029197080292 0.41245593419506466 0.9668725435148793 0.41245593419506466 0.9646266142616507 0.400117508813161 0.9769792251544076 0.38777908343125733 0.9803481190342505 0.3871915393654524
0 0.5322852330151601 0.699764982373678 0.5311622683885457 0.7074030552291422 0.5126333520494104 0.7379553466509988 0.5098259404828748 0.7350176263219741 0.5042111173498035 0.7021151586368978 0.5317237507018528 0.699764982373678
0 0.3761931499157777 0.11574618096357227 0.3829309376754632 0.1227967097532315 0.3829309376754632 0.1263219741480611 0.37787759685569905 0.1298472385428907 0.3722627737226277 0.12808460634547592 0.37057832678270636 0.11927144535840188 0.3756316676024705 0.11633372502937721
0 0.6159460976979225 0.27497062279670975 0.6209994385176867 0.2796709753231492 0.6215609208309938 0.28319623971797886 0.6142616507580011 0.29553466509988247 0.6080853453116227 0.2925969447708578 0.6058394160583942 0.28495887191539365 0.6103312745648513 0.2773207990599295 0.6153846153846154 0.27497062279670975
0 0.34418865805727117 0.490599294947121 0.3554183043234138 0.491186839012926 0.3587871982032566 0.4935370152761457 0.37113980909601346 0.4929494712103408 0.37843907916900615 0.5011750881316098 0.3728242560359349 0.5111633372502937 0.3728242560359349 0.5152761457109283 0.36496350364963503 0.5146886016451234 0.36889387984278493 0.518801410105758 0.3621560920830994 0.5223266745005876 0.34699606962380686 0.5223266745005876 0.3419427288040427 0.5199764982373678 0.33408197641774284 0.5223266745005876 0.3279056709713644 0.5164512338425382 0.32341381246490736 0.518213866039953 0.31779898933183603 0.5158636897767332 0.3110612015721505 0.5082256169212691 0.31049971925884334 0.5047003525264395 0.313307130825379 0.4994124559341951 0.31948343627175746 0.49471210340775557 0.32004491858506456 0.491186839012926 0.34362717574396406 0.490599294947121
0 0.23750701852891634 0.4312573443008226 0.23806850084222347 0.43654524089306695 0.23413812464907355 0.4383078730904818 0.23301516002245928 0.43595769682726204 0.23413812464907355 0.43243243243243246 0.2369455362156092 0.4318448883666275