0 0.5468164794007491 0.2732018561484919 0.5516318887105404 0.27610208816705334 0.550561797752809 0.2923433874709977 0.5478865703584804 0.29814385150812067 0.5398608881754949 0.2952436194895592 0.5403959336543607 0.27610208816705334 0.5425361155698234 0.2732018561484919 0.5462814339218833 0.2732018561484919
0 0.3927233814874264 0.5307424593967517 0.39486356340288925 0.5359628770301624 0.38202247191011235 0.5522041763341067 0.37934724451578383 0.5522041763341067 0.3766720171214553 0.5481438515081206 0.3697164258962012 0.5290023201856149 0.3707865168539326 0.5226218097447796 0.38309256286784377 0.5139211136890951 0.38630283574103796 0.5145011600928074 0.3884430176565008 0.525522041763341 0.39218833600856073 0.5307424593967517
0 0.7314071696094168 0.1177494199535963 0.7340823970037453 0.12006960556844548 0.7340823970037453 0.12703016241299303 0.7207062600321027 0.14095127610208816 0.7158908507223114 0.1368909512761021 0.7164258962011771 0.13051044083526683 0.7201712145532371 0.12470997679814386 0.7308721241305511 0.1177494199535963
0 0.030497592295345103 0.3561484918793503 0.00749063670411985 0.013921113689095127
0 0.49812734082397003 0.47041763341067283 0.5034777956126271 0.47389791183294666 0.5056179775280899 0.4808584686774942 0.4954521134296415 0.48549883990719256 0.4911717495987159 0.484338747099768 0.4884965222043874 0.4762180974477958 0.49759229534510435 0.4709976798143852
0 0.6021936864633494 0.6783642691415314 0.010165864098448368 0.011020881670533642
0 0.20973782771535582 0.9303944315545244 0.2092027822364901 0.9402552204176334 0.19529159978598182 0.9431554524361949 0.19047619047619047 0.941415313225058 0.1926163723916533 0.9327146171693735 0.2092027822364901 0.9303944315545244
0 0.7100053504547886 0.29582366589327147 0.7142857142857143 0.3004640371229698 0.7137506688068486 0.30974477958236657 0.7051899411449973 0.3103248259860789 0.6971642589620117 0.314385150812065 0.6934189406099518 0.31206496519721577 0.6934189406099518 0.3039443155452436 0.7062600321027287 0.2952436194895592 0.709470304975923 0.29582366589327147
0 0.22043873729266988 0.5626450116009281 0.2241840556447298 0.5725058004640371 0.2225789192081327 0.584106728538283 0.22043873729266988 0.5864269141531323 0.21776350989834137 0.5846867749419954 0.21669341894060995 0.570185614849188 0.21669341894060995 0.5649651972157773 0.21990369181380418 0.5626450116009281
0 0.4617442482611022 0.2906032482598608 0.46923488496522203 0.3004640371229698 0.4510433386837881 0.32308584686774944 0.4472980203317282 0.32076566125290024 0.43927233814874267 0.3068445475638051 0.45318352059925093 0.2923433874709977 0.45853397538790797 0.2894431554524362 0.4612092027822365 0.2906032482598608
0 0.3707865168539326 0.058004640371229696 0.3750668806848582 0.06844547563805105 0.3739967897271268 0.0777262180974478 0.36918138041733545 0.0777262180974478 0.36543606206527557 0.07018561484918794 0.36597110754414125 0.05974477958236659 0.37025147137506687 0.058004640371229696
0 0.602996254681648 0.13051044083526683 0.6051364365971108 0.132830626450116 0.6046013911182451 0.13747099767981438 0.6003210272873194 0.14385150812064965 0.5906902086677368 0.14327146171693736 0.588550026752274 0.14211136890951276 0.5880149812734082 0.13747099767981438 0.5917602996254682 0.12993039443155452 0.6024612092027822 0.13051044083526683
0 0.8047084002140182 0.781322505800464 0.8073836276083467 0.7836426914153132 0.803103263777421 0.7865429234338747 0.7972177635098984 0.7859628770301624 0.7966827180310326 0.7824825986078886 0.8041733547351525 0.781322505800464
0 0.7934724451578384 0.7639211136890951 0.7966827180310326 0.7662412993039444 0.7934724451578384 0.7679814385150812 0.7929373996789727 0.7645011600928074
0 0.7322097378277154 0.540893271461717 0.006955591225254147 0.0075406032482598605
0 0.8791599785981808 0.6611252900232019 0.004301765650080256 0.0027726218097447798
0 0.07449438202247191 0.7191473317865429 0.004938469769930444 0.005580046403712296
0 0.259079721776351 0.47998839907192575 0.005516318887105404 0.003990719257540603
0 0.28641519529159976 0.474008120649652 0.0046816479400749065 0.003265661252900232
0 0.7298234349919743 0.35940835266821347 0.004735152487961476 0.004907192575406033
0 0.81079721776351 0.3229292343387471 0.0032905296950240773 0.002900232018561485
0 0.937174959871589 0.11555104408352669 0.003943285179240236 0.006409512761020882