0 0.6159779614325069 0.29623567921440264 0.6220385674931129 0.3022367703218767 0.6165289256198347 0.3153300600109111 0.61267217630854 0.3153300600109111 0.6082644628099173 0.3109656301145663 0.6082644628099173 0.3060556464811784 0.615426997245179 0.2967812329514457
0 0.6787878787878788 0.22695035460992907 0.6820936639118458 0.22913256955810146 0.6870523415977962 0.24058919803600654 0.6870523415977962 0.24768139661756683 0.6826446280991736 0.25150027277686854 0.6776859504132231 0.24877250409165302 0.6727272727272727 0.23349699945444627 0.6782369146005509 0.22749590834697217
0 0.3674931129476584 0.9574468085106383 0.39008264462809916 0.966721222040371 0.3867768595041322 0.9765411893071467 0.38126721763085397 0.9825422804146209 0.3696969696969697 0.9787234042553191 0.3559228650137741 0.9705400981996727 0.359228650137741 0.9574468085106383 0.3669421487603306 0.9574468085106383
0 0.36473829201101926 0.51936715766503 0.38292011019283745 0.51936715766503 0.3856749311294766 0.5215493726132024 0.38292011019283745 0.5253682487725041 0.3685950413223141 0.5335515548281505 0.3575757575757576 0.5324604473540644 0.33553719008264465 0.5259138025095472 0.33553719008264465 0.5220949263502455 0.36418732782369145 0.51936715766503
0 0.38016528925619836 0.6388434260774686 0.39173553719008264 0.6492089470812875 0.3944903581267218 0.6563011456628478 0.3702479338842975 0.6590289143480633 0.3581267217630854 0.6590289143480633 0.3559228650137741 0.6579378068739771 0.35647382920110193 0.6552100381887616 0.3652892561983471 0.646481178396072 0.37961432506887055 0.6388434260774686
0 0.768595041322314 0.6235679214402619 0.7724517906336088 0.6246590289143481 0.7757575757575758 0.6382978723404256 0.781267217630854 0.6781232951445717 0.775206611570248 0.6781232951445717 0.7493112947658402 0.6650300054555374 0.7504132231404959 0.657392253136934 0.768595041322314 0.624113475177305
0 0.20881542699724517 0.7228587015821059 0.21322314049586777 0.7255864702673214 0.26170798898071623 0.7812329514457174 0.26611570247933886 0.7883251500272777 0.2644628099173554 0.7932351336606656 0.25895316804407714 0.7921440261865794 0.24793388429752067 0.7828696126568467 0.24242424242424243 0.7741407528641571 0.20991735537190082 0.7381342062193126 0.20550964187327825 0.7266775777414075 0.20550964187327825 0.723404255319149 0.20826446280991737 0.7228587015821059
0 0.7639118457300276 0.14675395526459356 0.011570247933884297 0.027277686852154936
0 0.4699724517906336 0.32460447354064376 0.47713498622589534 0.34097108565193673 0.4831955922865014 0.36552100381887614 0.4815426997245179 0.36879432624113473 0.47713498622589534 0.3698854337152209 0.4727272727272727 0.36715766503000546 0.4699724517906336 0.353518821603928 0.4672176308539945 0.3344244408074195 0.4672176308539945 0.32733224222585927 0.46942148760330576 0.32460447354064376
0 0.12341597796143251 0.18276050190943807 0.1278236914600551 0.18821603927986907 0.1322314049586777 0.20840152755046373 0.15041322314049588 0.2624113475177305 0.15096418732782368 0.2744135297326787 0.14490358126721764 0.2722313147845063 0.1399449035812672 0.2629569012547736 0.1206611570247934 0.19476268412438624 0.12011019283746556 0.1854882705946536 0.12286501377410468 0.18276050190943807
0 0.14049586776859505 0.45662847790507366 0.14710743801652892 0.46262956901254776 0.1493112947658402 0.4735406437534097 0.1465564738292011 0.4877250409165303 0.14325068870523416 0.4909983633387889 0.15426997245179064 0.5210038188761593 0.15757575757575756 0.5919258046917621 0.1537190082644628 0.5919258046917621 0.14710743801652892 0.5788325150027278 0.13774104683195593 0.5150027277686852 0.13333333333333333 0.508456082924168 0.1349862258953168 0.5046372067648663 0.13112947658402205 0.5013638843426077 0.1327823691460055 0.49372613202400434 0.1305785123966942 0.4839061647572286 0.1349862258953168 0.4713584288052373 0.13333333333333333 0.46590289143480634 0.1371900826446281 0.46317512274959083 0.1399449035812672 0.45717403164211673
0 0.6055096418732783 0.008183306055646482 0.6104683195592286 0.013638843426077468 0.6242424242424243 0.048554282596835786 0.6209366391184573 0.07092198581560284 0.6192837465564738 0.07310420076377523 0.6159779614325069 0.07092198581560284 0.6055096418732783 0.020731042007637753 0.6055096418732783 0.00872885979268958
0 0.6264462809917355 0.4337152209492635 0.6275482093663912 0.4358974358974359 0.6110192837465565 0.469721767594108 0.6049586776859505 0.4702673213311511 0.5840220385674931 0.46099290780141844 0.5823691460055096 0.45771958537915985 0.6121212121212121 0.4397163120567376 0.6258953168044077 0.4342607746863066
0 0.984573002754821 0.3895253682487725 0.9878787878787879 0.3993453355155483 0.9735537190082645 0.41243862520458263 0.9680440771349862 0.4075286415711948 0.9680440771349862 0.40098199672667756 0.9768595041322314 0.39279869067103107 0.9840220385674932 0.3895253682487725
0 0.37300275482093664 0.15275504637206766 0.3774104683195592 0.15930169121658483 0.3774104683195592 0.16202945990180032 0.37300275482093664 0.16475722858701583 0.3691460055096419 0.1625750136388434 0.3669421487603306 0.15766503000545554 0.3685950413223141 0.15330060010911076 0.37245179063360884 0.15275504637206766
0 0.5476584022038568 0.7010365521003818 0.5498622589531681 0.7021276595744681 0.5493112947658402 0.7064920894708129 0.5327823691460055 0.7354064375340971 0.5289256198347108 0.7343153300600109 0.5223140495867769 0.7043098745226405 0.547107438016529 0.7010365521003818
0 0.5085399449035812 0.607746863066012 0.5079889807162534 0.6099290780141844 0.5046831955922865 0.6088379705400983 0.5079889807162534 0.607746863066012
0 0.5399449035812672 0.45881069285324605 0.5410468319559228 0.46372067648663395 0.5393939393939394 0.4664484451718494 0.5355371900826447 0.464266230223677 0.5355371900826447 0.45990180032733224 0.5393939393939394 0.45881069285324605
0 0.24462809917355371 0.4582651391162029 0.24683195592286503 0.45990180032733224 0.24573002754820936 0.46317512274959083 0.2418732782369146 0.46317512274959083 0.2418732782369146 0.45990180032733224 0.2440771349862259 0.45881069285324605
0 0.17575757575757575 0.6312056737588653 0.17796143250688706 0.6333878887070377 0.17520661157024794 0.6350245499181669 0.171900826446281 0.6333878887070377 0.17520661157024794 0.6312056737588653