0 0.6508458646616542 0.13734713076199437 0.6611842105263158 0.14063969896519285 0.6593045112781954 0.15098777046095954 0.6522556390977443 0.1533396048918156 0.6433270676691729 0.15051740357478832 0.643796992481203 0.14111006585136407 0.650375939849624 0.13781749764816556
0 0.5953947368421053 0.277516462841016 0.6010338345864662 0.2817497648165569 0.5991541353383458 0.30056444026340545 0.5958646616541353 0.30432737535277515 0.5911654135338346 0.3029162746942615 0.5874060150375939 0.2982126058325494 0.5888157894736842 0.28033866415804326 0.5949248120300752 0.277516462841016
0 0.7974624060150376 0.13029162746942616 0.8007518796992481 0.13452492944496708 0.8012218045112782 0.14063969896519285 0.7861842105263158 0.15663217309501412 0.7814849624060151 0.15145813734713076 0.7805451127819549 0.14393226716839136 0.7899436090225563 0.13358419567262464 0.7969924812030075 0.13029162746942616
0 0.769266917293233 0.30385700846660396 0.7758458646616542 0.30714957666980247 0.7763157894736842 0.32126058325493884 0.7659774436090225 0.3222013170272813 0.7584586466165414 0.3254938852304798 0.7542293233082706 0.32267168391345247 0.7532894736842105 0.31373471307619943 0.7612781954887218 0.30620884289746003 0.768796992481203 0.30385700846660396
0 0.42105263157894735 0.5164628410159925 0.42528195488721804 0.5202257761053621 0.42528195488721804 0.5258701787394168 0.4281015037593985 0.5291627469426152 0.42293233082706766 0.5399811853245532 0.42857142857142855 0.5460959548447789 0.4318609022556391 0.5437441204139228 0.4351503759398496 0.5465663217309501 0.43890977443609025 0.5460959548447789 0.43890977443609025 0.5489181561618062 0.4356203007518797 0.5470366886171214 0.4342105263157895 0.5503292568203199 0.4356203007518797 0.5531514581373471 0.43890977443609025 0.5512699905926622 0.4393796992481203 0.5536218250235183 0.4356203007518797 0.5620884289746002 0.43139097744360905 0.5625587958607714 0.4281015037593985 0.5587958607714016 0.4257518796992481 0.5606773283160865 0.4299812030075188 0.5644402634054563 0.41729323308270677 0.5630291627469426 0.4149436090225564 0.5658513640639699 0.40601503759398494 0.5620884289746002 0.40601503759398494 0.5587958607714016 0.40883458646616544 0.5569143932267169 0.40648496240601506 0.555032925682032 0.40037593984962405 0.5343367826904986 0.39849624060150374 0.5216368767638758 0.4107142857142857 0.5131702728127939 0.4158834586466165 0.5131702728127939 0.4205827067669173 0.5164628410159925
0 0.030780075187969925 0.34642521166509876 0.01268796992481203 0.01458137347130762
0 0.6513157894736842 0.6754468485418627 0.6541353383458647 0.6773283160865475 0.6550751879699248 0.6829727187206021 0.6480263157894737 0.6886171213546566 0.643796992481203 0.6867356538099718 0.6433270676691729 0.6815616180620885 0.6475563909774437 0.6759172154280338 0.6508458646616542 0.6754468485418627
0 0.5296052631578947 0.47412982126058323 0.5404135338345865 0.4708372530573848 0.5451127819548872 0.47365945437441204 0.5484022556390977 0.48024459078080906 0.5469924812030075 0.48494825964252114 0.5328947368421053 0.48824082784571965 0.5286654135338346 0.48071495766698025 0.5296052631578947 0.4746001881467545
0 0.40883458646616544 0.06538099717779869 0.4144736842105263 0.07102539981185324 0.4149436090225564 0.07761053621825023 0.4130639097744361 0.08043273753527752 0.40789473684210525 0.08043273753527752 0.4041353383458647 0.07572906867356538 0.40366541353383456 0.06726246472248354 0.4083646616541353 0.06538099717779869
0 0.5004699248120301 0.2916274694261524 0.5117481203007519 0.30056444026340545 0.5136278195488722 0.30809031044214485 0.5014097744360902 0.3142050799623706 0.49154135338345867 0.3273753527751646 0.48026315789473684 0.3142050799623706 0.4783834586466165 0.3090310442144873 0.4924812030075188 0.2949200376293509 0.5 0.2916274694261524
0 0.21287593984962405 0.9270931326434619 0.21287593984962405 0.940733772342427 0.19313909774436092 0.9426152398871119 0.1912593984962406 0.9402634054562559 0.19266917293233082 0.9303857008466604 0.212406015037594 0.9270931326434619
0 0.23073308270676693 0.5583254938852305 0.23449248120300753 0.5583254938852305 0.23684210526315788 0.5634995296331138 0.23637218045112782 0.5747883349012229 0.23449248120300753 0.5785512699905927 0.23261278195488722 0.5780809031044214 0.23073308270676693 0.5743179680150517 0.23073308270676693 0.5587958607714016
0 0.07095864661654136 0.7064910630291628 0.07283834586466166 0.70931326434619 0.07095864661654136 0.715898400752587 0.06672932330827068 0.7140169332079022 0.06672932330827068 0.70931326434619 0.07048872180451128 0.7064910630291628
0 0.8670112781954887 0.7920978363123237 0.8698308270676691 0.7944496707431796 0.8679511278195489 0.7977422389463782 0.862312030075188 0.797271872060207 0.8594924812030075 0.7939793038570084 0.862312030075188 0.7911571025399812 0.8665413533834586 0.7920978363123237
0 0.8584539473684211 0.7767779868297272 0.006376879699248121 0.0067215428033866416
0 0.949483082706767 0.6743179680150517 0.0059210526315789476 0.0051740357478833494
0 0.7915883458646616 0.5486829727187206 0.007988721804511278 0.00799623706491063
0 0.7922932330827067 0.3635936030103481 0.7941729323308271 0.3673565380997178 0.793233082706767 0.3730009407337723 0.7894736842105263 0.3730009407337723 0.7880639097744361 0.37017873941674506 0.7894736842105263 0.3635936030103481 0.7918233082706767 0.3635936030103481
0 0.8802866541353384 0.3357855126999059 0.0042293233082706765 0.005291627469426153
0 0.45647556390977445 0.07467074317968016 0.005991541353383458 0.005879586077140169