0 0.2812351543942993 0.4523060796645702 0.2793349168646081 0.4722222222222222 0.27648456057007126 0.4769392033542977 0.22897862232779098 0.48427672955974843 0.22565320665083136 0.48165618448637315 0.22897862232779098 0.4591194968553459 0.2807600950118765 0.4523060796645702
0 0.19524940617577197 0.44287211740041926 0.20665083135391923 0.45964360587002095 0.20760095011876484 0.4669811320754717 0.18907363420427553 0.47641509433962265 0.1857482185273159 0.4758909853249476 0.1838479809976247 0.4727463312368973 0.17862232779097387 0.4491614255765199 0.18859857482185274 0.44339622641509435 0.19477434679334918 0.44287211740041926
0 0.27220902612826603 0.7122641509433962 0.2821852731591449 0.7589098532494759 0.26270783847981 0.7704402515723271 0.25795724465558195 0.7667714884696016 0.24703087885985747 0.7332285115303984 0.2684085510688836 0.7122641509433962 0.2717339667458432 0.7122641509433962
0 0.6931116389548694 0.5461215932914046 0.7581947743467934 0.5859538784067087 0.7691211401425179 0.610062893081761 0.768646080760095 0.6158280922431866 0.7657957244655582 0.6194968553459119 0.7002375296912114 0.6839622641509434 0.6959619952494062 0.6818658280922432 0.6954869358669834 0.6781970649895178 0.6973871733966746 0.610062893081761 0.6912114014251781 0.550314465408805 0.6926365795724465 0.5461215932914046
0 0.7562945368171021 0.3805031446540881 0.768646080760095 0.3920335429769392 0.773396674584323 0.40041928721174 0.7724465558194774 0.40461215932914046 0.6907363420427554 0.429769392033543 0.6878859857482186 0.42872117400419285 0.6883610451306413 0.42452830188679247 0.7064133016627079 0.39884696016771487 0.744418052256532 0.3831236897274633 0.7558194774346794 0.3805031446540881
0 0.6332541567695962 0.20859538784067086 0.6356294536817102 0.2169811320754717 0.6299287410926366 0.240041928721174 0.6114014251781472 0.24213836477987422 0.6080760095011877 0.24056603773584906 0.6076009501187648 0.2358490566037736 0.6123515439429928 0.21855345911949686 0.6194774346793349 0.21331236897274633 0.6327790973871734 0.20911949685534592
0 0.7762470308788598 0.25052410901467503 0.7790973871733967 0.25419287211740044 0.7866983372921615 0.28773584905660377 0.7857482185273159 0.2914046121593291 0.7192399049881235 0.30345911949685533 0.7125890736342043 0.30241090146750527 0.7092636579572447 0.2914046121593291 0.7097387173396674 0.2840670859538784 0.7757719714964371 0.25052410901467503
0 0.5472684085510688 0.370020964360587 0.5548693586698338 0.37264150943396224 0.5548693586698338 0.37631027253668764 0.5192399049881236 0.4114255765199161 0.5016627078384798 0.4229559748427673 0.5002375296912114 0.4161425576519916 0.5049881235154394 0.4030398322851153 0.5135391923990499 0.3967505241090147 0.5168646080760095 0.39046121593291405 0.5363420427553445 0.3694968553459119 0.5467933491686461 0.370020964360587
0 0.42612826603325415 0.6058700209643606 0.4270783847980998 0.6111111111111112 0.4137767220902613 0.7154088050314465 0.41330166270783847 0.7515723270440252 0.3980997624703088 0.7636268343815513 0.395249406175772 0.7610062893081762 0.39667458432304037 0.7332285115303984 0.41330166270783847 0.6194968553459119 0.4180522565320665 0.6074423480083857 0.42565320665083134 0.6058700209643606
0 0.5097387173396675 0.7085953878406709 0.5116389548693586 0.7138364779874213 0.5064133016627078 0.7332285115303984 0.4954869358669834 0.7515723270440252 0.4769596199524941 0.7966457023060797 0.4679334916864608 0.8118448637316562 0.4546318289786223 0.8480083857442348 0.4551068883610451 0.870020964360587 0.4527315914489311 0.8846960167714885 0.4489311163895487 0.9009433962264151 0.44323040380047507 0.9056603773584906 0.438479809976247 0.9046121593291404 0.4218527315914489 0.859538784067086 0.42042755344418054 0.8522012578616353 0.4218527315914489 0.8453878406708596 0.4565320665083135 0.779874213836478 0.48741092636579575 0.7311320754716981 0.5021377672209026 0.7117400419287212 0.5092636579572447 0.7085953878406709
0 0.498812351543943 0.9281970649895178 0.5030878859857483 0.9323899371069182 0.5030878859857483 0.9381551362683438 0.4983372921615202 0.9454926624737946 0.49311163895486937 0.9444444444444444 0.49121140142517816 0.9365828092243187 0.49216152019002374 0.9323899371069182 0.4983372921615202 0.9281970649895178
0 0.7482185273159145 0.6970649895178197 0.8242280285035629 0.710691823899371 0.828978622327791 0.7164570230607966 0.831353919239905 0.740041928721174 0.8256532066508313 0.7410901467505241 0.7957244655581948 0.7358490566037735 0.752019002375297 0.7321802935010482 0.7491686460807601 0.7306079664570231 0.7477434679334917 0.7253668763102725 0.7458432304038005 0.7049266247379455 0.7458432304038005 0.69916142557652 0.7477434679334917 0.6975890985324947
0 0.9102137767220903 0.6750524109014675 0.9225653206650831 0.6771488469601677 0.9249406175771971 0.6787211740041929 0.9244655581947744 0.6823899371069182 0.901187648456057 0.740041928721174 0.894061757719715 0.7557651991614256 0.8907363420427553 0.7589098532494759 0.8731591448931116 0.7578616352201258 0.8688836104513065 0.7547169811320755 0.903562945368171 0.6771488469601677 0.9097387173396675 0.6750524109014675
0 0.9496437054631829 0.09381551362683438 0.0494061757719715 0.08385744234800839
0 0.30641330166270786 0.0639412997903564 0.3624703087885986 0.039832285115303984 0.395249406175772 0.03039832285115304 0.40617577197149646 0.025157232704402517 0.41092636579572445 0.025681341719077568 0.41092636579572445 0.029350104821802937 0.402375296912114 0.044549266247379454 0.3971496437054632 0.04979035639412998 0.37577197149643704 0.059748427672955975 0.32779097387173395 0.08909853249475891 0.3197149643705463 0.0880503144654088 0.3068883610451306 0.06446540880503145
0 0.10593824228028503 0.1320754716981132 0.10973871733966746 0.14046121593291405 0.11211401425178147 0.15723270440251572 0.11211401425178147 0.18081761006289307 0.11116389548693587 0.18553459119496854 0.10546318289786223 0.18867924528301888 0.08788598574821853 0.18448637316561844 0.0821852731591449 0.17557651991614256 0.0826603325415677 0.16719077568134172 0.08836104513064133 0.15356394129979037 0.09168646080760096 0.1488469601677149 0.09833729216152019 0.14570230607966456 0.101187648456057 0.13364779874213836 0.10546318289786223 0.1320754716981132
0 0.5634204275534441 0.05712788259958071 0.5653206650831354 0.06079664570230608 0.5534441805225653 0.0859538784067086 0.5315914489311164 0.09067085953878407 0.5083135391923991 0.09171907756813417 0.5049881235154394 0.09171907756813417 0.5026128266033254 0.08857442348008386 0.5049881235154394 0.06918238993710692 0.5083135391923991 0.06132075471698113 0.5629453681710214 0.05712788259958071
0 0.6304038004750594 0.6661425576519916 0.6441805225653207 0.6818658280922432 0.6437054631828979 0.700733752620545 0.6399049881235155 0.70020964360587 0.6190023752969122 0.6818658280922432 0.6194774346793349 0.6776729559748428 0.626603325415677 0.6666666666666666 0.6299287410926366 0.6661425576519916
0 0.5482185273159145 0.38941299790356393 0.5491686460807601 0.39360587002096437 0.5467933491686461 0.3972746331236897 0.5154394299287411 0.4350104821802935 0.5073634204275534 0.44077568134171907 0.5026128266033254 0.4392033542976939 0.5045130641330167 0.42662473794549266 0.5187648456057007 0.41509433962264153 0.5425178147268409 0.39046121593291405 0.5477434679334917 0.38941299790356393
0 0.8009501187648456 0.4268867924528302 0.032304038004750596 0.07075471698113207
0 0.6717339667458432 0.40461215932914046 0.6750593824228028 0.4077568134171908 0.6764845605700712 0.4250524109014675 0.6831353919239905 0.45649895178197064 0.6826603325415677 0.4648846960167715 0.6783847980997625 0.46278825995807127 0.6565320665083135 0.4271488469601677 0.6579572446555819 0.42085953878406707 0.6712589073634204 0.4051362683438155