0 0.12861736334405144 0.07859531772575251 0.16881028938906753 0.09197324414715718 0.19694533762057878 0.09782608695652174 0.20096463022508038 0.10117056856187291 0.21382636655948553 0.1028428093645485 0.2170418006430868 0.10535117056856187 0.2170418006430868 0.10953177257525083 0.21382636655948553 0.112876254180602 0.20659163987138263 0.11454849498327759 0.17765273311897106 0.10869565217391304 0.1454983922829582 0.09531772575250837 0.12540192926045016 0.08946488294314381 0.1189710610932476 0.08612040133779264 0.11655948553054662 0.08110367892976589 0.1189710610932476 0.07859531772575251 0.12781350482315113 0.07859531772575251
0 0.8384244372990354 0.5535117056856187 0.8344051446945338 0.5702341137123745 0.8207395498392283 0.5836120401337793 0.815112540192926 0.5852842809364549 0.8110932475884244 0.5844481605351171 0.8110932475884244 0.5794314381270903 0.8303858520900321 0.5627090301003345 0.8344051446945338 0.5551839464882943 0.837620578778135 0.5535117056856187
0 0.4565916398713826 0.7801003344481605 0.46061093247588425 0.7892976588628763 0.45739549839228294 0.8135451505016722 0.43890675241157556 0.8394648829431438 0.43488745980707394 0.8394648829431438 0.4340836012861736 0.8369565217391305 0.4413183279742765 0.8177257525083612 0.4453376205787781 0.7959866220735786 0.4517684887459807 0.7817725752508361 0.4557877813504823 0.7801003344481605
0 0.09405144694533762 0.8762541806020067 0.09565916398713827 0.8720735785953178 0.11254019292604502 0.8570234113712375 0.12057877813504823 0.8553511705685619 0.13665594855305466 0.882943143812709 0.13745980707395497 0.8887959866220736 0.13344051446945338 0.8954849498327759 0.09887459807073955 0.8821070234113713 0.09485530546623794 0.8770903010033445
0 0.7130225080385852 0.3979933110367893 0.7138263665594855 0.40217391304347827 0.7106109324758842 0.4088628762541806 0.6929260450160771 0.4414715719063545 0.6889067524115756 0.4439799331103679 0.6816720257234726 0.43561872909698995 0.6816720257234726 0.42725752508361203 0.6889067524115756 0.41555183946488294 0.6921221864951769 0.4005016722408027 0.6985530546623794 0.39381270903010035 0.7033762057877814 0.3988294314381271 0.7122186495176849 0.3979933110367893
0 0.1760450160771704 0.3745819397993311 0.19051446945337622 0.38377926421404684 0.19131832797427653 0.391304347826087 0.1864951768488746 0.3963210702341137 0.1647909967845659 0.38294314381270905 0.16559485530546625 0.3762541806020067 0.1752411575562701 0.3745819397993311
0 0.018488745980707395 0.540133779264214 0.04340836012861737 0.560200668896321 0.04903536977491962 0.5744147157190636 0.04903536977491962 0.5794314381270903 0.04662379421221865 0.5819397993311036 0.008842443729903537 0.5510033444816054 0.01045016077170418 0.5426421404682275 0.014469453376205787 0.5392976588628763 0.017684887459807074 0.540133779264214
0 0.6680064308681672 0.1028428093645485 0.6696141479099679 0.10869565217391304 0.657556270096463 0.12040133779264214 0.6270096463022508 0.1346153846153846 0.587620578778135 0.15719063545150502 0.5811897106109325 0.15301003344481606 0.5811897106109325 0.14381270903010032 0.6527331189710611 0.10785953177257525 0.6672025723472669 0.10367892976588629
0 0.5538585209003215 0.5409698996655519 0.5610932475884244 0.5451505016722408 0.567524115755627 0.5618729096989966 0.5683279742765274 0.5744147157190636 0.5635048231511254 0.5794314381270903 0.5522508038585209 0.5836120401337793 0.5490353697749196 0.5836120401337793 0.5458199356913184 0.5785953177257525 0.542604501607717 0.5635451505016722 0.542604501607717 0.5459866220735786 0.5458199356913184 0.5426421404682275 0.5530546623794212 0.5409698996655519
0 0.5667202572347267 0.07859531772575251 0.5755627009646302 0.08361204013377926 0.5787781350482315 0.11036789297658862 0.5836012861736335 0.1245819397993311 0.5819935691318328 0.13043478260869565 0.567524115755627 0.13879598662207357 0.5610932475884244 0.14632107023411373 0.5570739549839229 0.14464882943143811 0.5594855305466238 0.09280936454849498 0.5618971061093248 0.08193979933110368 0.5659163987138264 0.0794314381270903
0 0.20980707395498394 0.29347826086956524 0.2162379421221865 0.2959866220735786 0.21784565916398713 0.2993311036789298 0.2162379421221865 0.31438127090301005 0.21864951768488747 0.3294314381270903 0.21784565916398713 0.338628762541806 0.21141479099678456 0.34448160535117056 0.20980707395498394 0.3494983277591973 0.20257234726688103 0.3503344481605351 0.19614147909967847 0.34698996655518394 0.18488745980707397 0.34782608695652173 0.17926045016077172 0.3377926421404682 0.18167202572347266 0.3277591973244147 0.17845659163987138 0.32441471571906355 0.182475884244373 0.3168896321070234 0.18488745980707397 0.3001672240802676 0.18971061093247588 0.2976588628762542 0.20659163987138263 0.2968227424749164 0.2090032154340836 0.29431438127090304
0 0.2717041800643087 0.4916387959866221 0.272508038585209 0.49665551839464883 0.26768488745980706 0.4983277591973244 0.2684887459807074 0.49331103678929766 0.2709003215434084 0.49247491638795987