0 0.8505448884276077 0.35150115473441107 0.8676699532952776 0.3579676674364896 0.8988064348728594 0.3856812933025404 0.9081473793461339 0.40739030023094686 0.909704203425013 0.418013856812933 0.9034769071094966 0.4212471131639723 0.8422418266735859 0.4351039260969977 0.8365334717176959 0.4323325635103926 0.815256875973015 0.3584295612009238 0.8235599377270368 0.35427251732101617 0.8500259470679813 0.35150115473441107
0 0.39647119875454073 0.8290993071593533 0.4276076803321225 0.8618937644341801 0.4260508562532434 0.8674364896073903 0.41152049818370523 0.8817551963048499 0.39750908147379344 0.8739030023094688 0.35910742086144265 0.841108545034642 0.3611831862999481 0.8369515011547344 0.3829787234042553 0.8290993071593533 0.389724961079398 0.8277136258660508 0.39595225739491435 0.8290993071593533
0 0.8002075765438506 0.6480369515011547 0.8033212247016087 0.6503464203233257 0.802283341982356 0.6549653579676674 0.8059159314997405 0.6568129330254041 0.8661131292163985 0.6669745958429562 0.868188894654904 0.6720554272517321 0.8619615983393877 0.6817551963048499 0.8541774779449922 0.684526558891455 0.8007265179034769 0.6725173210161662 0.796574987026466 0.6683602771362587 0.7955371043072132 0.6591224018475751 0.7960560456668396 0.6503464203233257 0.7996886351842242 0.6484988452655889
0 0.30669434353918007 0.36212471131639723 0.3388687078360145 0.3695150115473441 0.33575505967825636 0.37321016166281756 0.3040996367410483 0.38660508083140877 0.26414115204981836 0.37967667436489605 0.2584327970939284 0.37644341801385683 0.2926829268292683 0.3630484988452656 0.3061754021795537 0.36212471131639723
0 0.043072132848988066 0.6198614318706698 0.07161390762843799 0.6263279445727483 0.07628437986507525 0.6300230946882217 0.07939802802283343 0.643418013856813 0.07887908666320706 0.6545034642032332 0.07213284898806435 0.6697459584295612 0.06746237675142709 0.6720554272517321 0.022833419823559936 0.6609699769053118 0.015568240788790867 0.6563510392609699 0.01608718214841723 0.6429561200923788 0.02802283341982356 0.6392609699769053 0.03269330565646082 0.6217090069284065 0.0425531914893617 0.6198614318706698
0 0.4037363777893098 0.21986143187066975 0.4276076803321225 0.2235565819861432 0.44836533471717693 0.22956120092378754 0.4504411001556824 0.24942263279445728 0.4478463933575506 0.2540415704387991 0.4395433316035288 0.25219399538106235 0.39750908147379344 0.22494226327944572 0.3969901401141671 0.22032332563510393 0.40321743642968344 0.21986143187066975
0 0.44473274519979245 0.10854503464203233 0.4504411001556824 0.11224018475750577 0.44992215879605607 0.12702078521939955 0.44577062791904515 0.13117782909930717 0.40166061235080436 0.12979214780600462 0.3980280228334198 0.12424942263279445 0.3980280228334198 0.10946882217090069 0.401141670991178 0.10577367205542725 0.44421380384016607 0.10854503464203233
0 0.19719771665801764 0.17782909930715934 0.21328489880643486 0.18429561200923789 0.21951219512195122 0.18891454965357968 0.22003113648157757 0.19353348729792147 0.22366372599896212 0.18706697459584296 0.22989102231447847 0.18706697459584296 0.23404255319148937 0.19630484988452657 0.22729631551634666 0.2069284064665127 0.23715620134924753 0.21662817551963048 0.23404255319148937 0.21986143187066975 0.2309289050337312 0.251270207852194 0.22366372599896212 0.24110854503464202 0.2252205500778412 0.23418013856812933 0.22055007784120395 0.23279445727482678 0.21951219512195122 0.23418013856812933 0.21795537104307214 0.25496535796766745 0.21224701608718216 0.26096997690531176 0.2169174883238194 0.2660508083140878 0.21328489880643486 0.2706697459584296 0.21069019200830305 0.26697459584295613 0.20861442656979762 0.26836027713625865 0.20290607161390764 0.292378752886836 0.1894135962636222 0.3247113163972286 0.1800726517903477 0.3210161662817552 0.13492475350285418 0.28267898383371826 0.1344058121432278 0.27390300230946885 0.137519460300986 0.26374133949191686 0.13492475350285418 0.251270207852194 0.13700051894135962 0.24988452655889146 0.1442656979761287 0.2535796766743649 0.15049299429164503 0.22678983833718244 0.1567202906071614 0.2304849884526559 0.16190970420342501 0.22771362586605082 0.17955371043072132 0.2023094688221709 0.18474312402698495 0.18891454965357968 0.19045147898287493 0.1815242494226328 0.19667877529839128 0.17782909930715934
0 0.6476388168137001 0.44803695150115475 0.6559418785677218 0.45542725173210163 0.6569797612869746 0.45958429561200925 0.6056045666839647 0.5168591224018476 0.5853658536585366 0.5011547344110855 0.5843279709392839 0.4969976905311778 0.6123508043591074 0.47575057736720555 0.6414115204981837 0.44942263279445727 0.6471198754540737 0.44803695150115475
0 0.3985469641930462 0.2882217090069284 0.4120394395433316 0.31224018475750576 0.41826673585884794 0.3187066974595843 0.419823559937727 0.325635103926097 0.4177477944992216 0.3288683602771363 0.4047742605085625 0.3344110854503464 0.3907628437986507 0.34549653579676676 0.3860923715620135 0.34318706697459583 0.37986507524649715 0.3344110854503464 0.3689673066943435 0.30069284064665125 0.37156201349247536 0.29607390300230946 0.3829787234042553 0.28960739030023097 0.3912817851582771 0.28729792147806005 0.3980280228334198 0.2882217090069284
0 0.742952776336274 0.4742124711316398 0.07092371562013491 0.05542725173210162