0 0.6001291989664083 0.695591322603219 0.601421188630491 0.701889433170049 0.5956072351421189 0.7060881735479356 0.5910852713178295 0.7039888033589923 0.5910852713178295 0.6969909027291813 0.5943152454780362 0.6934919524142757 0.599483204134367 0.695591322603219
0 0.7325581395348837 0.14485654303708886 0.7344961240310077 0.1483554933519944 0.7332041343669251 0.15395381385584325 0.7209302325581395 0.16724982505248426 0.7151162790697675 0.16165150454863542 0.7170542635658915 0.15465360391882435 0.727390180878553 0.14485654303708886 0.7319121447028424 0.14485654303708886
0 0.4509043927648579 0.7753673897830651 0.45348837209302323 0.7802659202239328 0.4599483204134367 0.781665500349895 0.46511627906976744 0.7865640307907628 0.46124031007751937 0.7900629811056683 0.46124031007751937 0.7998600419874038 0.45671834625323 0.8033589923023093 0.46059431524547806 0.8068579426172149 0.45671834625323 0.8054583624912526 0.4502583979328165 0.8138558432470259 0.4437984496124031 0.8173547935619314 0.4418604651162791 0.820853743876837 0.44315245478036175 0.8250524842547236 0.4392764857881137 0.8313505948215535 0.43992248062015504 0.8383484954513646 0.4315245478036176 0.8453463960811757 0.43087855297157623 0.8495451364590623 0.4354005167958656 0.85444366689993 0.43863049095607237 0.8439468159552135 0.4502583979328165 0.8439468159552135 0.4528423772609819 0.841147655703289 0.4560723514211886 0.8467459762071379 0.4599483204134367 0.8446466060181945 0.46188630490956073 0.8481455563331001 0.46124031007751937 0.8530440867739678 0.45801033591731266 0.8551434569629112 0.46059431524547806 0.8593421973407978 0.4528423772609819 0.8663400979706088 0.44896640826873385 0.8663400979706088 0.44250645994832044 0.8628411476557033 0.43733850129198965 0.8635409377186843 0.4347545219638243 0.8565430370888734 0.4289405684754522 0.8558432470258922 0.42700258397932817 0.8579426172148356 0.42764857881136953 0.8656403079076277 0.4218346253229974 0.8649405178446467 0.41472868217054265 0.867739678096571 0.4069767441860465 0.8663400979706088 0.4095607235142119 0.8642407277816655 0.41214470284237725 0.8551434569629112 0.4114987080103359 0.8446466060181945 0.41472868217054265 0.8460461861441567 0.4186046511627907 0.8404478656403079 0.44250645994832044 0.7774667599720084 0.4444444444444444 0.7753673897830651 0.4502583979328165 0.7753673897830651
0 0.9560723514211886 0.2634709587123863 0.046511627906976744 0.034289713086074175
0 0.5633074935400517 0.5780265920223933 0.5587855297157622 0.5710286913925823 0.5594315245478036 0.5661301609517145 0.5736434108527132 0.556333100069979 0.5801033591731266 0.5675297410776767 0.5820413436692506 0.582925122463261 0.5794573643410853 0.5843247025892232 0.5704134366925064 0.58222533240028 0.563953488372093 0.5780265920223933
0 0.2131782945736434 0.5773268019594122 0.21834625322997417 0.5878236529041287 0.21705426356589147 0.5997200839748076 0.2131782945736434 0.6004198740377886 0.21124031007751937 0.5983205038488454 0.21059431524547803 0.5808257522743177 0.21253229974160207 0.5780265920223933
0 0.49612403100775193 0.4905528341497551 0.5012919896640827 0.4947515745276417 0.5025839793281653 0.4989503149055283 0.5006459948320413 0.5024492652204339 0.49160206718346255 0.5052484254723583 0.4870801033591731 0.503149055283415 0.4851421188630491 0.4940517844646606 0.49547803617571057 0.4905528341497551
0 0.060077519379844964 0.10636808957312806 0.0710594315245478 0.11546536039188243 0.0755813953488372 0.1350594821553534 0.07428940568475452 0.14275717284814557 0.06589147286821706 0.14485654303708886 0.060077519379844964 0.14345696291112667 0.05813953488372093 0.1357592722183345 0.05555555555555555 0.10916724982505248 0.056847545219638244 0.10566829951014696 0.059431524547803614 0.10636808957312806
0 0.9257105943152455 0.7067879636109167 0.9315245478036176 0.7102869139258222 0.9321705426356589 0.7130860741777467 0.9282945736434108 0.7172848145556333 0.8979328165374677 0.7214835549335199 0.8565891472868217 0.7207837648705389 0.8481912144702842 0.7165850244926522 0.8501291989664083 0.7116864940517844 0.9121447028423773 0.7095871238628412 0.9250645994832042 0.7067879636109167
0 0.3669250645994832 0.5395381385584325 0.3798449612403101 0.5332400279916025 0.38436692506459946 0.5444366689993002 0.39018087855297157 0.5500349895031491 0.3850129198966408 0.5591322603219034 0.375968992248062 0.5654303708887334 0.37209302325581395 0.5619314205738278 0.36627906976744184 0.5486354093771868 0.3649870801033592 0.543037088873338 0.3669250645994832 0.5402379286214136
0 0.5452196382428941 0.2925122463261022 0.5503875968992248 0.2960111966410077 0.5510335917312662 0.30440867739678096 0.5490956072351422 0.31630510846745974 0.5432816537467701 0.3191042687193842 0.5368217054263565 0.31420573827851644 0.5368217054263565 0.30440867739678096 0.5387596899224806 0.29461161651504547 0.5445736434108527 0.2925122463261022
0 0.08462532299741603 0.14485654303708886 0.11627906976744186 0.1847445766270119 0.11950904392764858 0.19104268719384185 0.11886304909560723 0.1959412176347096 0.1124031007751938 0.1980405878236529 0.10465116279069768 0.18964310706787962 0.08527131782945736 0.15465360391882435 0.082687338501292 0.14765570328901328 0.08397932816537468 0.14555633310007
0 0.7655038759689923 0.9097270818754374 0.7674418604651163 0.9195241427571729 0.7648578811369509 0.9223233030090973 0.75 0.9223233030090973 0.7189922480620154 0.9279216235129462 0.7144702842377261 0.9251224632610217 0.7157622739018088 0.9202239328201539 0.7648578811369509 0.9097270818754374
0 0.8036175710594315 0.503149055283415 0.8036175710594315 0.5087473757872638 0.7965116279069767 0.5171448565430371 0.772609819121447 0.5192442267319805 0.7661498708010336 0.5185444366689993 0.7583979328165374 0.5129461161651504 0.7564599483204134 0.5087473757872638 0.7583979328165374 0.5066480055983205 0.8029715762273901 0.503149055283415
0 0.6582687338501292 0.5738278516445067 0.661498708010336 0.5731280615815255 0.6782945736434108 0.6060181945416375 0.6808785529715762 0.615815255423373 0.6789405684754521 0.6242127361791463 0.6757105943152455 0.6256123163051085 0.6563307493540051 0.622813156053184 0.6492248062015504 0.6193142057382786 0.6582687338501292 0.5745276417074877
0 0.1686046511627907 0.3268019594121763 0.1744186046511628 0.3344996501049685 0.1731266149870801 0.34079776067179846 0.14470284237726097 0.3729881035689293 0.14018087855297157 0.3729881035689293 0.1388888888888889 0.36878936319104266 0.13953488372093023 0.357592722183345 0.1434108527131783 0.3477956613016095 0.16085271317829458 0.3254023792862141 0.16795865633074936 0.3268019594121763
0 0.8107235142118863 0.26452064380685797 0.838501291989664 0.28621413575927224 0.8488372093023255 0.2995101469559132 0.8501291989664083 0.30510846745976206 0.8456072351421189 0.30510846745976206 0.8255813953488372 0.2841147655703289 0.8107235142118863 0.2722183344996501 0.8087855297157622 0.2701189643107068 0.810077519379845 0.26522043386983907
0 0.8536821705426356 0.4093771868439468 0.01227390180878553 0.0489853044086774
0 0.45801033591731266 0.3093072078376487 0.46705426356589147 0.3170048985304409 0.46705426356589147 0.3219034289713086 0.45930232558139533 0.3282015395381386 0.4496124031007752 0.34079776067179846 0.4450904392764858 0.33869839048285516 0.437984496124031 0.3282015395381386 0.437984496124031 0.32470258922323303 0.4444444444444444 0.3205038488453464 0.4528423772609819 0.3100069979006298 0.4573643410852713 0.3093072078376487
0 0.7170542635658915 0.7977606717984604 0.7422480620155039 0.8138558432470259 0.7428940568475452 0.8243526941917425 0.7338501291989664 0.8271518544436669 0.7202842377260982 0.8257522743177047 0.7157622739018088 0.8222533240027992 0.7138242894056848 0.8173547935619314 0.7131782945736435 0.7991602519244226 0.7164082687338501 0.7977606717984604
0 0.3701550387596899 0.07837648705388384 0.37467700258397935 0.08397480755773268 0.37467700258397935 0.08957312806158152 0.3708010335917313 0.09237228831350595 0.36627906976744184 0.09027291812456263 0.3643410852713178 0.08467459762071379 0.3643410852713178 0.08117564730580826 0.3695090439276486 0.07837648705388384
0 0.6052971576227391 0.15325402379286215 0.6059431524547804 0.1609517144856543 0.6020671834625323 0.16585024492652203 0.588501291989664 0.16375087473757874 0.5878552971576227 0.15605318404478657 0.5956072351421189 0.15115465360391883 0.6046511627906976 0.15325402379286215
0 0.6925064599483204 0.7109867039888034 0.7060723514211886 0.7312806158152554 0.712532299741602 0.7487753673897831 0.7099483204134367 0.7550734779566131 0.7002583979328165 0.7599720083974808 0.6957364341085271 0.7599720083974808 0.6886304909560723 0.7487753673897831 0.687984496124031 0.7186843946815955 0.6892764857881137 0.7123862841147656 0.6918604651162791 0.7109867039888034
0 0.1996124031007752 0.9426172148355494 0.20284237726098192 0.9454163750874738 0.20219638242894056 0.9545136459062281 0.187984496124031 0.9580125962211337 0.18281653746770027 0.9566130160951715 0.18281653746770027 0.946815955213436 0.18992248062015504 0.9433170048985304 0.19896640826873385 0.9426172148355494
0 0.7067183462532299 0.3212036389083275 0.7118863049095607 0.3254023792862141 0.7138242894056848 0.3344996501049685 0.710594315245478 0.33799860041987406 0.7002583979328165 0.33869839048285516 0.6925064599483204 0.33799860041987406 0.6912144702842378 0.33030090972708187 0.6989664082687338 0.3219034289713086 0.7060723514211886 0.3212036389083275
0 0.9263565891472868 0.7074877536738978 0.9308785529715762 0.7095871238628412 0.9315245478036176 0.7137858642407278 0.9289405684754521 0.7165850244926522 0.8998708010335917 0.7207837648705389 0.8766149870801033 0.7200839748075577 0.874031007751938 0.7165850244926522 0.875968992248062 0.7123862841147656 0.9257105943152455 0.7074877536738978
0 0.02260981912144703 0.36878936319104266 0.02131782945736434 0.3617914625612316 0.025193798449612403 0.3624912526242127 0.023255813953488372 0.36808957312806156
0 0.7267441860465116 0.5671798460461861 0.006459948320413436 0.00489853044086774