0 0.1474469305794607 0.17859327217125381 0.15777395295467583 0.18470948012232416 0.168100975329891 0.18593272171253822 0.18875502008032127 0.20122324159021407 0.1944922547332186 0.20305810397553517 0.21227768215720022 0.22140672782874618 0.22432587492828457 0.22140672782874618 0.25014343086632246 0.21651376146788992 0.2547332185886403 0.21896024464831804 0.25530694205393 0.22385321100917432 0.22432587492828457 0.2342507645259939 0.20940906483075158 0.23363914373088684 0.17842799770510614 0.20550458715596331 0.16580608146873207 0.19755351681957187 0.1514629948364888 0.1926605504587156 0.14687320711417096 0.18593272171253822 0.14687320711417096 0.17920489296636086
0 0.4538152610441767 0.18409785932721712 0.45668387837062535 0.1853211009174312 0.49282845668387837 0.2342507645259939 0.4911072862880092 0.23914373088685015 0.4457831325301205 0.2966360856269113 0.44176706827309237 0.29541284403669726 0.40160642570281124 0.25076452599388377 0.40160642570281124 0.24770642201834864 0.42053930005737233 0.22691131498470948 0.45324153757888697 0.18409785932721712
0 0.5479059093516925 0.44770642201834865 0.5576592082616179 0.44097859327217126 0.570281124497992 0.46422018348623856 0.5685599541021228 0.4703363914373089 0.5605278255880666 0.47889908256880737 0.5570854847963281 0.47889908256880737 0.5438898450946644 0.4581039755351682 0.5444635685599541 0.4525993883792049 0.5479059093516925 0.44831804281345566
0 0.06769936890418818 0.46422018348623856 0.07515777395295467 0.4672782874617737 0.07802639127940333 0.47706422018348627 0.07515777395295467 0.4923547400611621 0.07401032702237521 0.5204892966360857 0.0717154331612163 0.5259938837920489 0.0642570281124498 0.5314984709480123 0.04647160068846816 0.5278287461773701 0.04417670682730924 0.5229357798165137 0.04417670682730924 0.5149847094801223 0.05163511187607573 0.4685015290519878 0.05622489959839357 0.46422018348623856 0.06712564543889846 0.46422018348623856
0 0.3442340791738382 0.7608562691131499 0.4044750430292599 0.7443425076452599 0.408491107286288 0.7700305810397553 0.4079173838209983 0.7755351681957187 0.40504876649454963 0.7767584097859327 0.3453815261044177 0.7902140672782875 0.34366035570854847 0.781651376146789 0.3442340791738382 0.7614678899082569
0 0.8037865748709122 0.27033639143730887 0.8364888123924269 0.27889908256880735 0.8382099827882961 0.2850152905198777 0.8376362593230063 0.2996941896024465 0.8347676419965576 0.3033639143730887 0.7928858290304074 0.2978593272171254 0.7900172117039587 0.27217125382262997 0.7917383820998278 0.26972477064220185 0.8032128514056225 0.27033639143730887
0 0.9604130808950087 0.672782874617737 0.9736087205966724 0.6758409785932722 0.9764773379231211 0.6856269113149847 0.9667240390131956 0.7211009174311926 0.9632816982214573 0.72782874617737 0.9575444635685599 0.7314984709480122 0.9391853126792886 0.7308868501529052 0.9219736087205966 0.727217125382263 0.9196787148594378 0.7241590214067278 0.9196787148594378 0.7168195718654434 0.9225473321858864 0.6996941896024464 0.9305794606999426 0.6758409785932722 0.9391853126792886 0.67217125382263 0.9598393574297188 0.672782874617737
0 0.7854274239816409 0.382262996941896 0.8427997705106138 0.40428134556574924 0.8422260470453241 0.42446483180428135 0.8382099827882961 0.43180428134556575 0.7837062535857716 0.41834862385321103 0.780837636259323 0.41406727828746176 0.7854274239816409 0.38287461773700304
0 0.2685025817555938 0.5798165137614679 0.27251864601262193 0.5840978593272171 0.2742398164084911 0.5920489296636086 0.25243832472748134 0.6403669724770642 0.24899598393574296 0.6434250764525994 0.24153757888697647 0.6434250764525994 0.24096385542168675 0.636697247706422 0.2621916236374068 0.5877675840978593 0.26792885829030405 0.5804281345565749
0 0.6006884681583476 0.3510703363914373 0.6075731497418244 0.35902140672782873 0.6179001721170396 0.39755351681957185 0.6184738955823293 0.40672782874617736 0.6161790017211703 0.40795107033639144 0.6104417670682731 0.40061162079510704 0.6035570854847964 0.3779816513761468 0.5972461273666093 0.36636085626911313 0.5960986804360299 0.3541284403669725 0.6001147446930579 0.3510703363914373
0 0.9741824440619621 0.344954128440367 0.9919678714859438 0.3498470948012232 0.9925415949512335 0.36636085626911313 0.9890992541594952 0.3712538226299694 0.9781985083189902 0.40489296636085625 0.9741824440619621 0.40856269113149846 0.9684452094090649 0.40978593272171254 0.948938611589214 0.40795107033639144 0.9454962707974757 0.40428134556574924 0.9454962707974757 0.39877675840978594 0.9627079747561675 0.3474006116207951 0.9661503155479059 0.344954128440367 0.9736087205966724 0.344954128440367
0 0.7228915662650602 0.6269113149847095 0.7888697647733792 0.6385321100917432 0.7900172117039587 0.6434250764525994 0.7877223178427998 0.6470948012232416 0.7722317842799771 0.6648318042813456 0.76592082616179 0.6678899082568808 0.7102696500286861 0.6593272171253822 0.7056798623063684 0.6299694189602446 0.7091222030981067 0.6269113149847095 0.7223178427997705 0.6269113149847095
0 0.5774526678141136 0.5850152905198777 0.023522662076878944 0.04097859327217125
0 0.6580608146873207 0.7498470948012232 0.6660929432013769 0.7516819571865443 0.678714859437751 0.7596330275229358 0.678714859437751 0.7828746177370031 0.6551921973608721 0.890519877675841 0.6540447504302926 0.8935779816513761 0.6460126219162364 0.8984709480122324 0.6362593230063109 0.8966360856269113 0.6345381526104418 0.8856269113149847 0.642570281124498 0.8256880733944955 0.6471600688468159 0.7590214067278287 0.6506024096385542 0.7504587155963303 0.657487091222031 0.7498470948012232
0 0.5226620768789444 0.2452599388379205 0.5358577165806081 0.25504587155963304 0.5611015490533563 0.26666666666666666 0.5674125071715433 0.27339449541284405 0.5674125071715433 0.27584097859327217 0.561675272518646 0.27706422018348625 0.5243832472748136 0.27522935779816515 0.5186460126219162 0.2489296636085627 0.5220883534136547 0.2452599388379205
0 0.23580034423407917 0.3577981651376147 0.24211130235226622 0.35902140672782873 0.24784853700516352 0.363302752293578 0.2512908777969019 0.3614678899082569 0.26161790017211706 0.36819571865443423 0.2627653471026965 0.3798165137614679 0.27538726333907054 0.40795107033639144 0.2736660929432014 0.41223241590214066 0.25530694205393 0.42201834862385323 0.2507171543316122 0.42140672782874616 0.23752151462994836 0.40428134556574924 0.22948938611589215 0.40305810397553515 0.22547332185886404 0.39388379204892965 0.2289156626506024 0.3834862385321101 0.2248995983935743 0.3798165137614679 0.22776821572002295 0.35902140672782873 0.23522662076878945 0.3577981651376147
0 0.2966150315547906 0.9492354740061162 0.3247274813539874 0.9498470948012232 0.3407917383820998 0.9724770642201835 0.3384968445209409 0.9773700305810398 0.32013769363166955 0.9871559633027523 0.30005737234652896 0.9590214067278288 0.2966150315547906 0.9498470948012232
0 0.4704532415375789 0.8617737003058104 0.4750430292598967 0.8672782874617737 0.474469305794607 0.8752293577981651 0.4704532415375789 0.8795107033639143 0.4652897303499713 0.8770642201834863 0.4629948364888124 0.8697247706422019 0.46471600688468157 0.8648318042813455 0.46987951807228917 0.8617737003058104