0 0.15015015015015015 0.5848195769390294 0.1313813813813814 0.1534632932393198
0 0.49737237237237236 0.08087930319369556 0.12387387387387387 0.07051016175860639
0 0.6925675675675675 0.2498963085856491 0.048798798798798795 0.06014102032351721
0 0.49737237237237236 0.527789299046039 0.04504504504504504 0.08502695976773122
0 0.3697447447447447 0.3681045209456657 0.08633633633633633 0.1430941518042306
0 0.4908033033033033 0.7310244711737868 0.1783033033033033 0.10161758606387392
0 0.723536036036036 0.716507673164662 0.09572072072072071 0.031107424305267525
0 0.8671171171171171 0.49668187474077147 0.19519519519519518 0.1430941518042306
0 0.9459459459459459 0.6594773952716715 0.08258258258258258 0.0829531314807134
0 0.5930930930930931 0.8699709664039817 0.12012012012012012 0.06428867689755288
0 0.37725225225225223 0.09435918705931148 0.10135135135135136 0.09746992948983824