0 0.19112903225806452 0.21288933068257124 0.11451612903225807 0.11762756792577866
0 0.5112903225806451 0.2899271040424122 0.0967741935483871 0.05632869449966865
0 0.4959677419354839 0.40506958250497016 0.03064516129032258 0.16732935719019218
0 0.7637096774193548 0.5309807819748178 0.06612903225806452 0.10768721007289596
0 0.2887096774193548 0.46885354539430085 0.0935483870967742 0.043074884029158385
0 0.38064516129032255 0.4232935719019218 0.08387096774193549 0.051358515573227306
0 0.532258064516129 0.690026507620941 0.16451612903225807 0.0712392312789927
0 0.6290322580645161 0.7703777335984096 0.05806451612903226 0.05632869449966865
0 0.2846774193548387 0.790258449304175 0.15645161290322582 0.11597084161696487
0 0.4258064516129032 0.9310801855533466 0.16451612903225807 0.1358515573227303
0 0.8201612903225807 0.7629224652087475 0.08225806451612903 0.10437375745526839
0 0.8838709677419355 0.42826375082836315 0.04838709677419355 0.08780649436713055
0 0.7411290322580645 0.2567925778661365 0.0532258064516129 0.04638833664678595
0 0.7903225806451613 0.13667992047713717 0.05806451612903226 0.028164347249834326
0 0.29596774193548386 0.5616302186878728 0.10161290322580645 0.06958250497017893
0 0.3588709677419355 0.5997349237905898 0.05 0.0728959575878065