0 0.5494880546075085 0.5268919562113279 0.5538761579717211 0.5321275583055688 0.5597269624573379 0.5568776772965255 0.5577766942954656 0.5597334602570204 0.5431496830814238 0.5649690623512613 0.5358361774744027 0.558305568776773 0.5333983422720624 0.5306996668253213 0.5372988785958069 0.5278438838648263 0.5490004875670405 0.5268919562113279
0 0.7869332033154559 0.6630176106615897 0.8386153096050707 0.6734888148500714 0.840565577766943 0.6763445978105664 0.8386153096050707 0.6815801999048072 0.8156996587030717 0.6868158019990481 0.8083861530960507 0.6863398381722989 0.7830326669917114 0.6739647786768206 0.7805948317893711 0.675392670157068 0.7835202340321794 0.6787244169443122 0.7791321306679668 0.6792003807710614 0.7781569965870307 0.6715849595430747 0.7732813261823501 0.6682532127558306 0.7732813261823501 0.6649214659685864 0.7864456362749878 0.6630176106615897
0 0.029741589468551925 0.5311756306520704 0.03169185763042418 0.5373631603998096 0.051194539249146756 0.5544978581627796 0.05509507557289127 0.5640171346977629 0.05363237445148708 0.5706806282722513 0.03900536323744515 0.5621132793907663 0.010238907849829351 0.5397429795335554 0.008776206728425159 0.5359352689195621 0.011701608971233545 0.532603522132318 0.020477815699658702 0.5316515944788196 0.025841053144807412 0.5340314136125655 0.02925402242808386 0.5311756306520704
0 0.10823988298391028 0.09662065683008092 0.19258898098488542 0.11518324607329843 0.20039005363237444 0.11946692051404094 0.20331545587518285 0.12613041408852926 0.19600195026816186 0.13326987148976677 0.17162359824475865 0.1313660161827701 0.16284739151633348 0.12613041408852926 0.10628961482203803 0.10756782484531176 0.10238907849829351 0.10471204188481675 0.10141394441735739 0.10090433127082342 0.10336421257922965 0.09757258448357925 0.10775231594344223 0.09662065683008092
0 0.44563627498781083 0.7396477867682056 0.4597757191613847 0.7344121846739647 0.4641638225255973 0.7458353165159448 0.46708922476840564 0.7482151356496907 0.4641638225255973 0.7724892908138982 0.4680643588493418 0.7758210376011423 0.4641638225255973 0.7791527843883865 0.46757679180887374 0.7824845311756307 0.4636762554851292 0.786292241789624 0.46757679180887374 0.7896239885768681 0.46952705997074595 0.8072346501665874 0.46708922476840564 0.8134221799143265 0.4612384202827889 0.8172298905283198 0.46318868844466116 0.8210376011423132 0.4524622135543637 0.8257972394098049 0.43832276938078985 0.823417420276059 0.4334470989761092 0.8138981437410757 0.4324719648951731 0.7924797715373632 0.43686006825938567 0.7796287482151356 0.43393466601657726 0.7653498334126606 0.4349098000975134 0.7453593526891956 0.43686006825938567 0.7405997144217039 0.44514870794734274 0.7396477867682056
0 0.20039005363237444 0.30271299381247024 0.20282788883471478 0.30556877677296523 0.20185275475377865 0.33174678724416945 0.196977084349098 0.33841028081865776 0.1984397854705022 0.34174202760590194 0.19307654802535348 0.34316991908614947 0.17454900048756705 0.3403141361256545 0.17162359824475865 0.3379343169919086 0.17601170160897123 0.32793907663017613 0.18673817649926866 0.31746787244169444 0.18820087762067284 0.30699666825321276 0.19258898098488542 0.30699666825321276 0.19990248659190638 0.30271299381247024
0 0.13359336908824965 0.8181818181818182 0.14870794734275963 0.8400761542122799 0.15260848366650415 0.851975249881009 0.14724524622135543 0.8548310328415041 0.14480741101901512 0.8514992860542598 0.13993174061433447 0.8514992860542598 0.13846903949293027 0.8524512137077582 0.14383227693807898 0.8557829604950024 0.12920526572403707 0.8548310328415041 0.12676743052169673 0.8572108519752499 0.11311555338859093 0.8486435030937649 0.113603120429059 0.8419800095192765 0.11019015114578254 0.8400761542122799 0.10823988298391028 0.834840552118039 0.113603120429059 0.8286530223702998 0.13310580204778158 0.8181818181818182
0 0.1682106289614822 0.3717277486910995 0.1750365675280351 0.3722037125178486 0.18430034129692832 0.3769633507853403 0.18820087762067284 0.3869585911470728 0.18673817649926866 0.396001903855307 0.17357386640663092 0.39219419324131366 0.1560214529497806 0.38077106139933364 0.15650901999024866 0.37505949547834366 0.16772306192101413 0.3722037125178486
0 0.644076060458313 0.10471204188481675 0.6479765967820575 0.11613517372679677 0.643588493417845 0.1199428843407901 0.568015602145295 0.15992384578772012 0.5631399317406144 0.15516420752022847 0.5636274987810824 0.14516896715849595 0.5972696245733788 0.12613041408852926 0.643588493417845 0.10471204188481675
0 0.8005850804485617 0.15944788196097096 0.8625060945880059 0.210851975249881 0.8649439297903462 0.21608757734412185 0.8625060945880059 0.22322703474535935 0.855680156021453 0.2213231794383627 0.8103364212579229 0.18039029033793433 0.7937591418820088 0.16849119466920515 0.7927840078010726 0.15944788196097096 0.8000975134080937 0.15944788196097096
0 0.9249146757679181 0.9309852451213708 0.9507557289127255 0.9490718705378391 0.9488054607508533 0.957163255592575 0.9258898098488543 0.9890528319847691 0.9234519746465139 0.9890528319847691 0.9210141394441735 0.9852451213707758 0.9171136031204291 0.9452641599238458 0.9171136031204291 0.9314612089481199 0.92442710872745 0.9309852451213708
0 0.5709410043881034 0.6896715849595431 0.5738664066309117 0.6930033317467873 0.5992198927352511 0.7020466444550214 0.6099463676255485 0.709186101856259 0.6104339346660166 0.7134697762970015 0.6036079960994637 0.7253688719657306 0.5992198927352511 0.7287006187529748 0.5919063871282302 0.7272727272727273 0.5845928815212091 0.729176582579724 0.5802047781569966 0.7267967634459781 0.5792296440760605 0.7229890528319848 0.5743539736713799 0.723940980485483 0.5714285714285714 0.7210851975249881 0.5704534373476353 0.7134697762970015 0.5753291077523159 0.709662065683008 0.5646026328620185 0.7015706806282722 0.5626523647001462 0.6963350785340314 0.567528035104827 0.6906235126130414 0.5704534373476353 0.6901475487862923
0 0.7547537786445636 0.8367444074250358 0.7586543149683082 0.8372203712517848 0.7625548512920527 0.849119466920514 0.7630424183325207 0.8729176582579724 0.7528035104826913 0.8762494050452165 0.7552413456850317 0.8800571156592099 0.7518283764017553 0.8814850071394574 0.7484154071184788 0.8781532603522132 0.7411019015114578 0.8800571156592099 0.7381764992686495 0.8724416944312232 0.7435397367137981 0.8591147072822466 0.7420770355923939 0.8567348881485007 0.7376889322281813 0.8562589243217515 0.7435397367137981 0.8419800095192765 0.7479278400780107 0.8467396477867682 0.7547537786445636 0.8372203712517848
0 0.5724037055095076 0.6715849595430747 0.575816674792784 0.6711089957163255 0.5787420770355924 0.675392670157068 0.5880058508044856 0.6787244169443122 0.5987323256947831 0.6792003807710614 0.6036079960994637 0.6853879105188005 0.6036079960994637 0.6891956211327939 0.5967820575329108 0.6925273679200381 0.6128717698683569 0.7006187529747739 0.6153096050706972 0.7053783912422655 0.6157971721111652 0.7168015230842456 0.6196977084349098 0.7196573060447407 0.6172598732325695 0.723465016658734 0.6177474402730375 0.7277486910994765 0.6148220380302292 0.7306044740599714 0.6177474402730375 0.7344121846739647 0.6177474402730375 0.7420276059019515 0.6162847391516334 0.7444074250356972 0.6089712335446124 0.7453593526891956 0.606533398342272 0.7477391718229415 0.605558264261336 0.7544026653974298 0.5992198927352511 0.7596382674916706 0.5948317893710385 0.760590195145169 0.5919063871282302 0.7572584483579248 0.5855680156021453 0.7582103760114232 0.5845928815212091 0.7544026653974298 0.5738664066309117 0.7539267015706806 0.567528035104827 0.7491670633031889 0.5602145294978059 0.7410756782484531 0.5572891272549976 0.7134697762970015 0.552413456850317 0.709662065683008 0.5509507557289127 0.695383150880533 0.553388590931253 0.6872917658257972 0.5602145294978059 0.6863398381722989 0.5636274987810824 0.6787244169443122 0.5719161384690395 0.675392670157068 0.5724037055095076 0.6720609233698239
0 0.5470502194051682 0.08710138029509758 0.5538761579717211 0.08995716325559258 0.5626523647001462 0.13374583531651593 0.552901023890785 0.14231318419800096 0.5411994149195515 0.14850071394574013 0.5372988785958069 0.1475487862922418 0.5411994149195515 0.09090909090909091 0.5431496830814238 0.08757734412184674 0.5465626523647001 0.08710138029509758
0 0.682106289614822 0.381722989052832 0.6884446611409069 0.3860066634935745 0.6957581667479278 0.3855306996668253 0.697220867869332 0.39124226558781533 0.6786933203315456 0.42836744407425037 0.6752803510482691 0.43074726320799617 0.6660165772793759 0.4231318419800095 0.6650414431984398 0.41408852927177536 0.6728425158459288 0.4007615421227987 0.674305216967333 0.3888624464540695 0.681618722574354 0.38219895287958117
0 0.8927352510970259 0.28081865778200854 0.8976109215017065 0.2860542598762494 0.8990736226231106 0.29224178962398856 0.8956606533398342 0.29842931937172773 0.8868844466114091 0.30652070442646356 0.8815212091662603 0.30556877677296523 0.878595806923452 0.3003331746787244 0.87908337396392 0.29652546406473107 0.8883471477328133 0.28224654926225606 0.8922476840565577 0.28081865778200854
0 0.8205753291077523 0.532603522132318 0.8249634324719649 0.5364112327463113 0.8225255972696246 0.5435506901475488 0.8137493905411994 0.5502141837220371 0.817649926864944 0.5540218943360304 0.8122866894197952 0.558305568776773 0.8132618235007314 0.5535459305092812 0.8103364212579229 0.5530699666825322 0.8049731838127743 0.5573536411232747 0.8098488542174549 0.5606853879105188 0.8054607508532423 0.5621132793907663 0.8039980497318381 0.558305568776773 0.80351048269137 0.5640171346977629 0.7922964407606046 0.5602094240837696 0.7927840078010726 0.5516420752022846 0.8127742564602632 0.5345073774393146 0.8200877620672843 0.532603522132318
0 0.9125646026328621 0.1618277010947168 0.03738176499268649 0.053940980485483105
0 0.34779619697708436 0.5140409328891005 0.03250609458800585 0.09519276534983341
0 0.393710385177962 0.3629224178962399 0.020721599219892736 0.016658733936220846
0 0.2681618722574354 0.48786292241789625 0.010970258410531447 0.008329366968110423
0 0.5661872257435397 0.49232746311280345 0.008532423208191127 0.018443598286530225
0 0.7365333983422722 0.3075916230366492 0.010360799609946368 0.00951927653498334
0 0.5335836177474403 0.6416611137553546 0.010360799609946368 0.011304140885292718
0 0.1962457337883959 0.6588148500713946 0.01218917601170161 0.013484055211803903