0 0.7031107044830741 0.6787096774193548 0.7049405306495883 0.6688172043010753 0.7268984446477584 0.6352688172043011 0.7342177493138152 0.661505376344086 0.7378774016468436 0.6924731182795699 0.7337602927721867 0.693763440860215 0.7035681610247027 0.6787096774193548
0 0.30969807868252514 0.1367741935483871 0.3151875571820677 0.1432258064516129 0.3142726440988106 0.1475268817204301 0.3106129917657823 0.15010752688172044 0.30466605672461117 0.1475268817204301 0.302836230558097 0.14193548387096774 0.3037511436413541 0.13806451612903226 0.3092406221408966 0.1367741935483871
0 0.6404391582799634 0.2189247311827957 0.6440988106129918 0.22064516129032258 0.6477584629460201 0.22752688172043012 0.6509606587374199 0.23655913978494625 0.6495882891125343 0.2404301075268817 0.6436413540713632 0.24387096774193548 0.6404391582799634 0.24387096774193548 0.6386093321134492 0.24129032258064517 0.6335773101555352 0.22365591397849463 0.6399817017383349 0.21935483870967742
0 0.4794144556267155 0.7113978494623656 0.48124428179322964 0.7126881720430107 0.4807868252516011 0.716989247311828 0.45974382433668803 0.7475268817204301 0.4569990850869167 0.7449462365591398 0.45288197621225984 0.730752688172043 0.45105215004574567 0.7144086021505376 0.4533394327538884 0.7126881720430107 0.47895699908508693 0.7113978494623656
0 0.3060384263494968 0.5169892473118279 0.3083257090576395 0.5182795698924731 0.3060384263494968 0.5230107526881721 0.28956999085086915 0.5316129032258065 0.25892040256175664 0.524731182795699 0.25434583714547115 0.5221505376344086 0.25480329368709975 0.5182795698924731 0.30558096980786825 0.5169892473118279
0 0.576395242451967 0.432258064516129 0.5768526989935956 0.43569892473118277 0.5667886550777677 0.44946236559139785 0.5576395242451967 0.469247311827957 0.5539798719121684 0.47139784946236557 0.5265324794144556 0.45978494623655913 0.5256175663311985 0.4563440860215054 0.5580969807868252 0.43913978494623657 0.5759377859103385 0.432258064516129
0 0.4112534309240622 0.3174193548387097 0.43687099725526074 0.32387096774193547 0.4400731930466606 0.32903225806451614 0.4432753888380604 0.3449462365591398 0.4414455626715462 0.3518279569892473 0.44281793229643185 0.35913978494623655 0.4387008234217749 0.37032258064516127 0.43183897529734677 0.37548387096774194 0.4286367795059469 0.3746236559139785 0.4240622140896615 0.37763440860215053 0.42451967063129004 0.37333333333333335 0.41674290942360476 0.37032258064516127 0.41216834400731933 0.3655913978494624 0.41216834400731933 0.3621505376344086 0.41674290942360476 0.35870967741935483 0.4172003659652333 0.35397849462365594 0.4112534309240622 0.3178494623655914
0 0.970722781335773 0.39268817204301076 0.97483989021043 0.39741935483870966 0.9757548032936871 0.4043010752688172 0.9606587374199451 0.41591397849462364 0.9569990850869168 0.4150537634408602 0.9542543458371455 0.41118279569892474 0.953796889295517 0.4047311827956989 0.9702653247941445 0.39268817204301076
0 0.5718206770356816 0.29075268817204303 0.576395242451967 0.2967741935483871 0.5677035681610247 0.309247311827957 0.560384263494968 0.3036559139784946 0.5599268069533394 0.29935483870967744 0.5667886550777677 0.2894623655913979 0.5713632204940531 0.29075268817204303
0 0.2708142726440988 0.9694623655913979 0.29871912168344006 0.9806451612903225 0.29871912168344006 0.984516129032258 0.2891125343092406 0.9969892473118279 0.2836230558096981 0.9961290322580645 0.2616651418115279 0.9840860215053764 0.2653247941445563 0.9703225806451613 0.27035681610247025 0.9694623655913979
0 0.15416285452881975 0.4511827956989247 0.15827996340347666 0.44989247311827957 0.1596523330283623 0.45161290322580644 0.15782250686184812 0.4546236559139785 0.15416285452881975 0.4541935483870968 0.15416285452881975 0.45161290322580644
0 0.0777676120768527 0.6270967741935484 0.0777676120768527 0.6309677419354839 0.0736505032021958 0.6301075268817204 0.07456541628545288 0.6266666666666667 0.07731015553522415 0.6270967741935484
0 0.43915827996340345 0.6120430107526882 0.43595608417200366 0.6159139784946237 0.4354986276303751 0.6124731182795699 0.4387008234217749 0.6120430107526882