0 0.7965811965811965 0.24786324786324787 0.8074074074074075 0.2809116809116809 0.8062678062678063 0.29002849002849 0.7321937321937322 0.30256410256410254 0.7282051282051282 0.301994301994302 0.7264957264957265 0.29914529914529914 0.7242165242165243 0.2883190883190883 0.725925925925926 0.2809116809116809 0.796011396011396 0.24786324786324787
0 0.6410256410256411 0.21253561253561254 0.6438746438746439 0.21652421652421652 0.6438746438746439 0.2222222222222222 0.6387464387464388 0.2415954415954416 0.6364672364672365 0.2438746438746439 0.6227920227920228 0.2455840455840456 0.6159544159544159 0.24444444444444444 0.6142450142450142 0.24102564102564103 0.6159544159544159 0.22507122507122507 0.6188034188034188 0.21937321937321938 0.6245014245014245 0.21595441595441595 0.6404558404558405 0.21253561253561254
0 0.16923076923076924 0.4433048433048433 0.1789173789173789 0.45527065527065524 0.18347578347578347 0.4672364672364672 0.1658119658119658 0.4774928774928775 0.1606837606837607 0.4752136752136752 0.1544159544159544 0.4512820512820513 0.15726495726495726 0.4472934472934473 0.16866096866096866 0.4433048433048433
0 0.7715099715099715 0.6820512820512821 0.7834757834757835 0.6820512820512821 0.8564102564102564 0.6951566951566952 0.860968660968661 0.7014245014245014 0.8643874643874644 0.7207977207977208 0.8632478632478633 0.7270655270655271 0.856980056980057 0.7270655270655271 0.7766381766381767 0.717948717948718 0.7737891737891738 0.7122507122507122 0.770940170940171 0.6934472934472935 0.7715099715099715 0.6826210826210827
0 0.954985754985755 0.6586894586894587 0.9641025641025641 0.6603988603988604 0.9652421652421652 0.6643874643874644 0.9356125356125357 0.7339031339031339 0.9282051282051282 0.7441595441595441 0.9076923076923077 0.7424501424501424 0.905982905982906 0.7378917378917379 0.9424501424501425 0.6603988603988604 0.9464387464387465 0.6581196581196581 0.9544159544159544 0.6586894586894587
0 0.6398860398860399 0.6547008547008547 0.6438746438746439 0.6547008547008547 0.6575498575498575 0.6683760683760683 0.6598290598290598 0.6831908831908832 0.6575498575498575 0.6905982905982906 0.6324786324786325 0.6712250712250712 0.6330484330484331 0.6655270655270655 0.6398860398860399 0.6552706552706553
0 0.2547008547008547 0.7048433048433048 0.2660968660968661 0.7515669515669515 0.2643874643874644 0.7549857549857549 0.24444444444444444 0.7652421652421653 0.23076923076923078 0.7304843304843305 0.2301994301994302 0.7242165242165243 0.2512820512820513 0.7048433048433048 0.25413105413105413 0.7048433048433048
0 0.07065527065527065 0.13276353276353275 0.07806267806267807 0.13675213675213677 0.08034188034188035 0.14472934472934473 0.08319088319088319 0.18632478632478633 0.07863247863247863 0.20056980056980056 0.07122507122507123 0.20854700854700856 0.06381766381766382 0.20854700854700856 0.05356125356125356 0.20284900284900284 0.04843304843304843 0.18575498575498575 0.05014245014245014 0.17150997150997152 0.05641025641025641 0.15954415954415954 0.06495726495726496 0.15327635327635328 0.0660968660968661 0.14017094017094017 0.07008547008547009 0.13675213675213677 0.07065527065527065 0.13333333333333333
0 0.5646723646723647 0.06438746438746439 0.5669515669515669 0.06666666666666667 0.5658119658119658 0.07122507122507123 0.5532763532763533 0.09572649572649573 0.5299145299145299 0.10028490028490028 0.5048433048433049 0.10142450142450142 0.5014245014245015 0.10085470085470086 0.49914529914529915 0.09743589743589744 0.5014245014245015 0.07920227920227921 0.5048433048433049 0.07008547008547009 0.5641025641025641 0.06438746438746439
0 0.6860398860398861 0.39715099715099716 0.698005698005698 0.45071225071225074 0.6974358974358974 0.4581196581196581 0.6951566951566952 0.4581196581196581 0.6854700854700855 0.4461538461538462 0.6689458689458689 0.4205128205128205 0.6712250712250712 0.4131054131054131 0.6854700854700855 0.39715099715099716
0 0.3071225071225071 0.10085470085470086 0.29572649572649573 0.08888888888888889 0.28945868945868947 0.07863247863247863 0.28945868945868947 0.07464387464387465 0.3418803418803419 0.05299145299145299 0.392022792022792 0.036467236467236465 0.3977207977207977 0.035897435897435895 0.3994301994301994 0.037606837606837605 0.3977207977207977 0.044444444444444446 0.38632478632478634 0.06096866096866097 0.33447293447293447 0.0849002849002849 0.313960113960114 0.09857549857549858 0.3076923076923077 0.10028490028490028
0 0.5242165242165242 0.4074074074074074 0.5464387464387465 0.38632478632478634 0.550997150997151 0.38575498575498574 0.5521367521367522 0.38803418803418804 0.550997150997151 0.39373219373219376 0.5333333333333333 0.41025641025641024 0.5150997150997151 0.43304843304843305 0.5048433048433049 0.43874643874643876 0.5031339031339032 0.43646723646723645 0.5042735042735043 0.42792022792022794 0.5242165242165242 0.407977207977208
0 0.5042735042735043 0.924974358974359 0.02468945868945869 0.022792022792022793