0 0.8525088697415104 0.3365129835718071 0.8601115053218449 0.35877053524112346 0.8661936137861125 0.39109697933227344 0.7932083122149012 0.4175940646528882 0.7896604156107451 0.4160042395336513 0.786112519006589 0.40487546369899313 0.7749619868220984 0.356120826709062 0.7764825139381653 0.35188129305776367 0.7952356817029904 0.3449920508744038 0.852002027369488 0.3365129835718071
0 0.6107450582868728 0.23158452570217275 0.6132792701469842 0.23476417594064652 0.6102382159148505 0.2384737678855326 0.5742524075012672 0.26020137784843667 0.5585402939685757 0.24271330153683096 0.5580334515965535 0.2368839427662957 0.5940192600101368 0.23158452570217275 0.6102382159148505 0.23158452570217275
0 0.193613786112519 0.71595124536301 0.19969589457678663 0.7276099629040805 0.19969589457678663 0.7313195548489666 0.1966548403446528 0.7344992050874404 0.18094272681196147 0.7424483306836248 0.17080587937151545 0.7556968733439322 0.16168271667511405 0.7599364069952306 0.1439432336543335 0.7631160572337043 0.12671059300557527 0.7710651828298887 0.12164216928535225 0.7609962904080552 0.12316269640141916 0.7530471648118707 0.1819564115560061 0.7201907790143084 0.1931069437404967 0.71595124536301
0 0.3846933603649265 0.649178590355061 0.41206284845413077 0.6661367249602543 0.4683223517486062 0.6958134605193429 0.47136340598074 0.699523052464229 0.4708565636087177 0.7027027027027027 0.4607197161682717 0.7154213036565977 0.45413076533198177 0.7138314785373608 0.36340598073998986 0.6661367249602543 0.36188545362392294 0.6645468998410174 0.36289913836796756 0.6597774244833068 0.3796249366447035 0.649178590355061 0.3841865179929042 0.649178590355061
0 0.29295489102889 0.21515633280339164 0.31424227065382665 0.24324324324324326 0.324885960466295 0.2713301536830949 0.3284338570704511 0.29146793852676206 0.3309680689305626 0.3449920508744038 0.3269133299543842 0.37360890302066774 0.3228585909782058 0.37413884472708003 0.319817536746072 0.3661897191308956 0.319817536746072 0.29146793852676206 0.31779016725798276 0.27239003709591947 0.30866700456158136 0.24960254372019078 0.2899138367967562 0.22151563328033916 0.2894069944247339 0.21621621621621623 0.2924480486568677 0.21568627450980393
0 0.31424227065382665 0.830948595654478 0.32032437911809425 0.8335983041865395 0.3314749113025849 0.8521462639109698 0.3340091231626964 0.8441971383147854 0.33705017739483023 0.84525702172761 0.3375570197668525 0.8675145733969264 0.3340091231626964 0.8738738738738738 0.3360364926507856 0.8828828828828829 0.3395843892549417 0.8865924748277689 0.3380638621388748 0.8908320084790673 0.34009123162696403 0.8966613672496025 0.3375570197668525 0.9009009009009009 0.3416117587430309 0.9019607843137255 0.3456664977192093 0.9146793852676206 0.34363912823112014 0.9353471118177 0.33705017739483023 0.9459459459459459 0.3314749113025849 0.9475357710651828 0.3279270146984288 0.9538950715421304 0.32083122149011656 0.9507154213036566 0.31829700963000507 0.9528351881293058 0.30511910795742525 0.9523052464228935 0.3000506842372022 0.9576046634870164 0.29194120628484543 0.958664546899841 0.282818043588444 0.9560148383677796 0.2782564622402433 0.9517753047164812 0.27572225038013176 0.9321674615792263 0.27217435377597565 0.9369369369369369 0.26913329954384185 0.9353471118177 0.27166751140395334 0.9284578696343402 0.27318803852002027 0.9077901430842608 0.2706538266599088 0.8977212506624271 0.27217435377597565 0.8945416004239534 0.2706538266599088 0.8834128245892952 0.27622909275215407 0.8701642819289878 0.2807906741003548 0.8383677795442501 0.2868727825646224 0.834658187599364 0.31373542828180434 0.8314785373608903
0 0.1966548403446528 0.07260201377848437 0.21236695387734414 0.08638049814520403 0.22453117080587937 0.10704822469528352 0.21033958438925493 0.11552729199788023 0.20628484541307654 0.13354531001589826 0.18955904713634059 0.14414414414414414 0.15610745058286873 0.10227874933757286 0.15914850481500253 0.0990990990990991 0.17992904206791688 0.09326974032856386 0.1900658895083629 0.07419183889772125 0.1920932589964521 0.07207207207207207 0.19614799797263052 0.07260201377848437
0 0.4358844399391789 0.27927927927927926 0.4358844399391789 0.2882882882882883 0.4262544348707552 0.33068362480127184 0.4221996958945768 0.34128245892951775 0.4186517992904207 0.34340222575516693 0.39229599594526104 0.3386327503974563 0.3897617840851495 0.3354531001589825 0.39178915357323874 0.3158452570217276 0.39533705017739484 0.3073661897191309 0.40699442473390773 0.2983571807101219 0.41459706031424226 0.2872284048754637 0.4353775975671566 0.27927927927927926
0 0.5316776482513939 0.3269740328563858 0.5595539787126204 0.338102808691044 0.5646224024328433 0.34128245892951775 0.5666497719209326 0.3455219925808161 0.5225544855549924 0.37042925278219396 0.4652812975164724 0.3985161632220456 0.45970603142422706 0.3969263381028087 0.45869234668018244 0.3932167461579226 0.4607197161682717 0.38791732909379967 0.5220476431829701 0.32909379968203495 0.5311708058793715 0.3269740328563858
0 0.5149518499746579 0.7164811870694223 0.6441966548403446 0.7477477477477478 0.6487582361885453 0.7530471648118707 0.6482513938165231 0.7779544250132485 0.6452103395843892 0.7837837837837838 0.5732387227572225 0.7567567567567568 0.5088697415103902 0.7387387387387387 0.5063355296502787 0.7350291467938527 0.5073492143943233 0.7196608373078961 0.5093765838824126 0.7170111287758346 0.5144450076026356 0.7164811870694223
0 0.4353775975671566 0.4446210916799152 0.44450076026355806 0.4663487016428193 0.44348707551951344 0.4753577106518283 0.3912823112012164 0.5092739798622151 0.3852002027369488 0.5071542130365659 0.3760770400405474 0.48860625331213564 0.3750633552965028 0.48065712771595126 0.4227065382665991 0.44939056703762587 0.4348707551951343 0.4446210916799152
0 0.2782564622402433 0.47164811870694223 0.2797769893563102 0.4785373608903021 0.2772427774961987 0.5013248542660307 0.2706538266599088 0.5225225225225225 0.26254434870755194 0.5696873343932167 0.2584896097313735 0.5797562268150503 0.25595539787126204 0.6200317965023847 0.2579827673593512 0.6412294647588765 0.26051697921946276 0.6459989401165872 0.26051697921946276 0.6592474827768945 0.2584896097313735 0.665606783253842 0.25646224024328435 0.6661367249602543 0.24733907754688292 0.6613672496025437 0.2387227572225038 0.6470588235294118 0.22250380131779016 0.6301006889242183 0.21946274708565636 0.6253312135665077 0.21946274708565636 0.6184419713831478 0.25038013177901675 0.5166931637519873 0.2544348707551951 0.4965553789083201 0.2681196147997973 0.4753577106518283 0.27318803852002027 0.47111817700052994 0.277749619868221 0.47164811870694223
0 0.7633046122655854 0.5617382087970323 0.7916877850988343 0.5786963434022258 0.7977698935631019 0.6226815050344462 0.7987835783071465 0.6406995230524642 0.7972630511910795 0.6433492315845257 0.7785098834262545 0.6523582405935348 0.7719209325899645 0.6534181240063593 0.7663456664977192 0.6523582405935348 0.7622909275215408 0.6444091149973503 0.7638114546376077 0.6237413884472708 0.7597567156614293 0.5638579756226815 0.7627977698935631 0.5617382087970323
0 0.45413076533198177 0.32962374138844724 0.46578813988849466 0.33121356650768413 0.4703497212366954 0.3349231584525702 0.4744044602128738 0.3455219925808161 0.4744044602128738 0.35188129305776367 0.4698428788646731 0.35983041865394805 0.4389254941713127 0.35347111817700055 0.4389254941713127 0.3481717011128776 0.44754181449569186 0.33121356650768413 0.45362392295995946 0.32962374138844724
0 0.2387227572225038 0.33121356650768413 0.25291434363912824 0.338102808691044 0.24936644703497213 0.3667196608373079 0.2453117080587937 0.37148913619501855 0.23010643689812468 0.3672496025437202 0.22605169792194627 0.3630100688924218 0.23112012164216927 0.3343932167461579 0.2336543335022808 0.33121356650768413 0.2382159148504815 0.33121356650768413
0 0.5255955397871263 0.9003709591944886 0.5291434363912824 0.9088500264970854 0.5245818550430816 0.9162692103868575 0.518499746578814 0.9146793852676206 0.516979219462747 0.9040805511393747 0.5200202736948809 0.9009009009009009 0.5250886974151039 0.9003709591944886