0 0.3531375166889186 0.7269102990033223 0.35514018691588783 0.7368770764119601 0.33978638184245663 0.7448504983388704 0.3371161548731642 0.7435215946843854 0.33311081441922563 0.7328903654485049 0.3384512683578104 0.7295681063122924 0.35246995994659547 0.7269102990033223
0 0.6068090787716955 0.25980066445182726 0.6108144192256342 0.26179401993355483 0.6121495327102804 0.2691029900332226 0.6114819759679573 0.2764119601328904 0.6088117489986649 0.28039867109634553 0.6001335113484646 0.27906976744186046 0.6008010680907877 0.2637873754152824 0.6021361815754339 0.26046511627906976 0.6061415220293725 0.25980066445182726
0 0.08477970627503338 0.5906976744186047 0.08945260347129506 0.5940199335548173 0.08945260347129506 0.6019933554817276 0.08344459279038718 0.6019933554817276 0.08210947930574099 0.5920265780730897 0.08411214953271028 0.5913621262458472
0 0.4969959946595461 0.7933554817275748 0.011348464619492658 0.014617940199335547
0 0.07076101468624833 0.6797342192691029 0.07409879839786382 0.6784053156146179 0.08344459279038718 0.6890365448504984 0.0794392523364486 0.6976744186046512 0.07543391188251002 0.6983388704318937 0.06742323097463285 0.6890365448504984 0.06742323097463285 0.6850498338870432 0.07076101468624833 0.6803986710963456
0 0.2870493991989319 0.40730897009966777 0.2903871829105474 0.4112956810631229 0.2930574098798398 0.42524916943521596 0.2917222963951936 0.4305647840531561 0.2863818424566088 0.4305647840531561 0.28304405874499333 0.42790697674418604 0.27837116154873165 0.41461794019933557 0.281041388518024 0.4079734219269103 0.2863818424566088 0.40730897009966777
0 0.2883845126835781 0.6465116279069767 0.30240320427236317 0.6578073089700996 0.30040053404539385 0.6664451827242525 0.2970627503337784 0.6677740863787376 0.2803738317757009 0.654485049833887 0.2823765020026702 0.6471760797342193 0.2857142857142857 0.6451827242524917 0.287716955941255 0.6465116279069767
0 0.23030707610146864 0.5920265780730897 0.24232309746328437 0.598671096345515 0.2583444592790387 0.5993355481727575 0.2616822429906542 0.6019933554817276 0.2590120160213618 0.612624584717608 0.25500667556742324 0.6186046511627907 0.2369826435246996 0.6159468438538206 0.23164218958611482 0.6132890365448505 0.22696929238985314 0.6059800664451828 0.23030707610146864 0.5926910299003322
0 0.5707610146862483 0.8465116279069768 0.5734312416555407 0.8551495016611296 0.5734312416555407 0.8611295681063122 0.5707610146862483 0.8644518272425249 0.5667556742323098 0.8644518272425249 0.5587449933244326 0.8531561461794019 0.5640854472630173 0.8451827242524917 0.5700934579439252 0.8465116279069768
0 0.12550066755674233 0.5149501661129569 0.13684913217623498 0.507641196013289 0.14352469959946595 0.5083056478405316 0.14686248331108145 0.5136212624584717 0.1375166889185581 0.5235880398671097 0.13551401869158877 0.5289036544850498 0.1261682242990654 0.5262458471760797 0.12416555407209613 0.520265780730897 0.12550066755674233 0.5156146179401994
0 0.3711615487316422 0.2830564784053156 0.37383177570093457 0.2843853820598007 0.37783711615487314 0.2963455149501661 0.37383177570093457 0.29966777408637874 0.3591455273698264 0.29966777408637874 0.3538050734312417 0.29700996677740865 0.35113484646194926 0.29169435215946843 0.35180240320427236 0.2843853820598007 0.3704939919893191 0.2830564784053156
0 0.5440587449933244 0.7435215946843854 0.017356475300400534 0.01727574750830565
0 0.0540720961281709 0.16943521594684385 0.05740987983978638 0.17209302325581396 0.05740987983978638 0.17674418604651163 0.0534045393858478 0.18073089700996678 0.049399198931909215 0.18073089700996678 0.04672897196261682 0.17807308970099667 0.04672897196261682 0.1707641196013289 0.049399198931909215 0.16877076411960132 0.0534045393858478 0.16943521594684385
0 0.5166889185580774 0.21993355481727575 0.5226969292389854 0.22591362126245848 0.5233644859813084 0.24186046511627907 0.520694259012016 0.24385382059800664 0.5153538050734312 0.24385382059800664 0.514018691588785 0.24186046511627907 0.513351134846462 0.2239202657807309 0.5160213618157543 0.21993355481727575
0 0.6234979973297731 0.17475083056478405 0.6375166889185581 0.17541528239202658 0.6388518024032043 0.1787375415282392 0.6348464619492656 0.18205980066445182 0.62283044058745 0.18471760797342193 0.6161548731642189 0.1840531561461794 0.6141522029372497 0.17940199335548174 0.6154873164218959 0.17475083056478405 0.62283044058745 0.17475083056478405
0 0.5961281708945261 0.09634551495016612 0.609479305740988 0.10166112956810631 0.6101468624833111 0.10564784053156147 0.5987983978638184 0.11760797342192691 0.5827770360480641 0.12491694352159469 0.5794392523364486 0.12358803986710963 0.5827770360480641 0.11694352159468438 0.5974632843791722 0.10564784053156147 0.5901201602136181 0.09900332225913622 0.5921228304405874 0.09634551495016612 0.595460614152203 0.09634551495016612
0 0.21829105473965288 0.47109634551495017 0.23230974632843793 0.48039867109634554 0.232977303070761 0.4863787375415282 0.23030707610146864 0.49102990033222593 0.21695594125500667 0.5003322259136213 0.21695594125500667 0.4943521594684385 0.20360480640854473 0.4883720930232558 0.20026702269692923 0.48172757475083056 0.2096128170894526 0.4717607973421927 0.21762349799732977 0.47109634551495017
0 0.5967957276368492 0.6843853820598007 0.5994659546061415 0.6883720930232559 0.5987983978638184 0.6930232558139535 0.5861148197596796 0.7069767441860465 0.5807743658210948 0.704983388704319 0.5781041388518025 0.6956810631229235 0.589452603471295 0.6850498338870432 0.5961281708945261 0.6843853820598007
0 0.6789052069425902 0.32491694352159467 0.6802403204272364 0.33222591362126247 0.678237650200267 0.3362126245847176 0.6742323097463284 0.33488372093023255 0.6755674232309746 0.3275747508305648 0.678237650200267 0.32491694352159467
0 0.17690253671562084 0.4212624584717608 0.1822429906542056 0.4212624584717608 0.1802403204272363 0.42591362126245846 0.17690253671562084 0.42524916943521596 0.17690253671562084 0.4219269102990033