0 0.3847705496722138 0.5349946977730647 0.443267776096823 0.5848356309650053 0.4442763489662128 0.591728525980912 0.4357034795763994 0.6129374337221634 0.3721633888048411 0.5657476139978791 0.3812405446293495 0.5371155885471898 0.3842662632375189 0.5349946977730647
0 0.6777609682299546 0.4496288441145281 0.6591023701462431 0.4220572640509014 0.6611195158850227 0.4146341463414634 0.6747352496217852 0.3987274655355249 0.6772566817952597 0.4019088016967126 0.6792738275340393 0.41993637327677624 0.6873424104891579 0.4528101802757158 0.6848209783156833 0.45652173913043476 0.6782652546646495 0.4496288441145281
0 0.3721633888048411 0.8685047720042418 0.40191628845184063 0.897136797454931 0.3923348461926374 0.9172852598091198 0.38729198184568836 0.9151643690349947 0.3535047907211296 0.883881230116649 0.3625819465456379 0.8626723223753977 0.3661119515885023 0.8626723223753977 0.37165910237014627 0.8685047720042418
0 0.9183055975794251 0.07423117709437964 0.9596570852244075 0.07476139978791092 0.962178517397882 0.07635206786850478 0.9652042360060514 0.13944856839872746 0.9636913767019667 0.147932131495228 0.9268784669692385 0.14846235418875928 0.924357034795764 0.14687168610816542 0.9183055975794251 0.07476139978791092
0 0.6227937468482098 0.6261930010604454 0.6656580937972768 0.6606574761399788 0.6898638426626323 0.6744432661717922 0.7029752899646999 0.6744432661717922 0.7584467977811397 0.6643690349946978 0.7987897125567323 0.6808059384941676 0.8013111447302067 0.6823966065747614 0.8013111447302067 0.6855779427359491 0.7881996974281392 0.6861081654294804 0.7589510842158346 0.6728525980911984 0.7221381744831064 0.6765641569459173 0.7004538577912254 0.6818663838812301 0.6888552697932425 0.6813361611876988 0.6606152294503278 0.6648992576882291 0.6338880484114977 0.644220572640509 0.6217851739788199 0.633085896076352 0.6197680282400403 0.6267232237539767 0.6222894604135148 0.6267232237539767
0 0.4402420574886536 0.4809119830328738 0.4820978315683308 0.4909862142099682 0.4982349974785678 0.5068928950159067 0.5002521432173475 0.5116648992576882 0.4987392839132627 0.5137857900318133 0.4150277357539082 0.5053022269353128 0.4145234493192133 0.5015906680805938 0.4281391830559758 0.48038176033934255 0.43973777105395867 0.4809119830328738
0 0.7655068078668684 0.820254506892895 0.7876954109934443 0.827677624602333 0.8184568835098336 0.8472958642629904 0.8527483610690872 0.865323435843054 0.8582955118507312 0.870625662778367 0.8739283913262733 0.876458112407211 0.8961169944528492 0.8886532343584306 0.9072112960161371 0.8870625662778366 0.9359556227937469 0.8939554612937434 0.9425113464447806 0.8976670201484623 0.9425113464447806 0.9029692470837752 0.935451336359052 0.9077412513255567 0.9162884518406454 0.9130434782608695 0.8976298537569339 0.9215270413573701 0.8910741301059002 0.9215270413573701 0.8280383257690368 0.8806998939554613 0.7781139687342411 0.8419936373276776 0.7629853756933939 0.827677624602333 0.7650025214321735 0.8207847295864263
0 0.19036812909732728 0.12937433722163308 0.08724155320221887 0.031813361611876985
0 0.35047907211296014 0.005832449628844115 0.40897629853756934 0.037645811240721104 0.4079677256681795 0.045068928950159064 0.39384770549672216 0.0662778366914104 0.37317196167423095 0.05938494167550371 0.3292990418557741 0.037645811240721104 0.3333333333333333 0.025980911983032873 0.34442763489662126 0.007423117709437964 0.34997478567826523 0.005832449628844115
0 0.10816944024205749 0.1283138918345705 0.05698436712052446 0.03711558854718982
0 0.5108421583459405 0.897136797454931 0.5128593040847201 0.9008483563096501 0.5118507312153303 0.9072110286320254 0.5083207261724659 0.9098621420996819 0.44478063540090773 0.9151643690349947 0.43872919818456885 0.9151643690349947 0.4402420574886536 0.9040296924708378 0.5103378719112456 0.897136797454931
0 0.05194150277357539 0.8854718981972428 0.06656580937972768 0.9008483563096501 0.0680786686838124 0.9050901378579003 0.036308623298033284 0.9342523860021209 0.018658598083711547 0.9130434782608695 0.01714573877962683 0.9077412513255567 0.04639435199193142 0.8849416755037116 0.05143721633888049 0.8854718981972428
0 0.26374180534543623 0.6675503711558854 0.26626323751891073 0.672322375397667 0.2627332324760464 0.6749734888653235 0.19364599092284418 0.6887592788971368 0.1875945537065053 0.6855779427359491 0.18557740796772568 0.6823966065747614 0.18658598083711547 0.6786850477200425 0.2546646495209279 0.6664899257688229 0.2632375189107413 0.6675503711558854
0 0.16792738275340394 0.6155885471898197 0.17599596570852244 0.6193001060445387 0.20020171457387798 0.6214209968186638 0.2042360060514372 0.6256627783669141 0.2027231467473525 0.6595970307529162 0.17700453857791226 0.6622481442205727 0.16843166918809885 0.66118769883351 0.1583459404942007 0.651643690349947 0.16187594553706505 0.6193001060445387 0.16389309127584467 0.6155885471898197 0.16742309631870902 0.6155885471898197
0 0.8492183560262229 0.5015906680805938 0.859304084720121 0.5116648992576882 0.8693898134140191 0.5339342523860021 0.8703983862834089 0.546659597030753 0.8623298033282905 0.5535524920466596 0.8497226424609178 0.5519618239660657 0.8416540595057993 0.5360551431601273 0.8401412002017146 0.5217391304347826 0.8461926374180535 0.5153764581124072 0.8441754916792739 0.5015906680805938 0.848714069591528 0.5015906680805938
0 0.5779122541603631 0.6728525980911984 0.6021180030257186 0.711558854718982 0.6036308623298033 0.717391304347826 0.5799293998991427 0.7560975609756098 0.5753908219868885 0.767762460233298 0.56732223903177 0.7720042417815483 0.5395864851235502 0.7237539766702015 0.5380736258194655 0.7179215270413574 0.5572365103378719 0.693001060445387 0.5774079677256682 0.6733828207847296
0 0.410993444276349 0.2735949098621421 0.4145234493192133 0.27624602332979853 0.4508320726172466 0.33244962884411455 0.46091780131114474 0.3425238600212089 0.46142208774583965 0.34835630965005304 0.43973777105395867 0.3605514316012725 0.4357034795763994 0.3605514316012725 0.383761976802824 0.2900318133616119 0.3842662632375189 0.2863202545068929 0.4104891578416541 0.2741251325556734
0 0.28567826525466467 0.3404029692470838 0.050932929904185575 0.16436903499469777