0 0.8178277801817395 0.22125181950509462 0.8420597144093466 0.2440562833575934 0.8520121159671138 0.2571567200388161 0.8520121159671138 0.26249393498301793 0.8485504110774557 0.26200873362445415 0.8308091735179576 0.24211547792333818 0.8126352228472523 0.22707423580786026 0.8130679359584595 0.22173702086365843 0.8173950670705322 0.22125181950509462
0 0.48420597144093463 0.7117903930131004 0.48550411077455646 0.7171276079573022 0.4534833405452185 0.8010674429888404 0.4491562094331458 0.7991266375545851 0.44872349632193853 0.7928190198932556 0.47944612721765467 0.7132459970887919 0.4807442665512765 0.7108199902959729 0.4837732583297274 0.7117903930131004
0 0.5988749459108611 0.6817079087821446 0.5962786672436174 0.6792819019893256 0.5967113803548247 0.6754002911208151 0.6019039376893119 0.6705482775351771 0.6057983556901774 0.6715186802523047 0.6057983556901774 0.6778262979136341 0.5993076590220684 0.6812227074235808
0 0.7100822154911294 0.2814167879670063 0.7170056252704456 0.28723920426977195 0.7161401990480312 0.2954876273653566 0.7005625270445694 0.30033964095099464 0.6962353959324967 0.30033964095099464 0.6945045434876677 0.28966521106259097 0.7096495023799221 0.2814167879670063
0 0.03591518823020338 0.3284813197476953 0.03678061445261791 0.33575934012615233 0.033318909562959756 0.33915574963609896 0.03072263089571614 0.3381853469189714 0.0298572046733016 0.3309073265405143 0.03115534400692341 0.3279961183891315 0.035482475118996104 0.3284813197476953
0 0.9787970575508438 0.20087336244541484 0.9800951968844656 0.20378457059679767 0.9770662051060147 0.22950024260067928 0.9740372133275639 0.2348374575448811 0.9355257464301169 0.23386705482775352 0.9346603202077023 0.2304706453178069 0.9783643444396365 0.20087336244541484
0 0.7338814366075292 0.09946627850557982 0.7373431414971874 0.10674429888403687 0.7312851579402856 0.11596312469674915 0.7234963219385547 0.12324114507520621 0.7200346170488966 0.1217855409995148 0.7174383383816529 0.11402231926249394 0.7273907399394202 0.10237748665696264 0.733448723496322 0.09995147986414361
0 0.06750324534833406 0.06744298884036876 0.0826482042405885 0.07860262008733625 0.08784076157507573 0.10189228529839883 0.08784076157507573 0.10577389616690927 0.08481176979662484 0.10868510431829209 0.07788836001730852 0.11062590975254731 0.07096495023799221 0.10819990295972828 0.06750324534833406 0.06792819019893255
0 0.9333621808740805 0.6783114992721979 0.9346603202077023 0.6821931101407084 0.9273041973171787 0.6851043182920912 0.8559065339679792 0.6923823386705483 0.8450887061877975 0.6909267345948569 0.8450887061877975 0.6870451237263464 0.8498485504110774 0.6851043182920912 0.9329294677628732 0.6783114992721979
0 0.45305062743401125 0.7540029112081513 0.45564690610125486 0.7583697234352256 0.4513197749891822 0.7729257641921398 0.42578970142795325 0.8442503639010189 0.4214625703158806 0.8442503639010189 0.4214625703158806 0.8384279475982532 0.45261791432280396 0.7544881125667152
0 0.0951968844655993 0.10771470160116449 0.12635222847252273 0.14944201843765162 0.12981393336218086 0.1572052401746725 0.12894850713976633 0.16060164968461912 0.12332323669407183 0.16302765647743814 0.11553440069234097 0.15429403202328967 0.09562959757680657 0.11547792333818535 0.09476417135439204 0.10819990295972828
0 0.29640848117697965 0.6647258612324114 0.29640848117697965 0.6792819019893256 0.2916486369536997 0.7098495875788452 0.27953266983989616 0.7588549247937895 0.27563825183903073 0.7588549247937895 0.2743401125054089 0.7510917030567685 0.2860233665080052 0.70790878214459 0.29337948939852876 0.6661814653081028 0.2959757680657724 0.6647258612324114
0 0.768931198615318 0.8879184861717613 0.7710947641713544 0.8951965065502183 0.7693639117265253 0.8995633187772926 0.7265253137170056 0.9063561377971858 0.7196019039376893 0.905870936438622 0.7187364777152748 0.901018922852984 0.7204673301601039 0.8990781174187288 0.7684984855041108 0.8879184861717613
0 0.50237992211164 0.45997088791848617 0.5106014712245781 0.47064531780688984 0.4993509303331891 0.4750121300339641 0.4919948074426655 0.4735565259582727 0.48853310255300736 0.4657933042212518 0.4902639549978364 0.462882096069869 0.5019472090004327 0.45997088791848617
0 0.7840761575075724 0.4769529354682193 0.04759844223279965 0.015526443474041727
0 0.22025097360450022 0.5521591460456089 0.22371267849415838 0.5536147501213003 0.22544353093898745 0.5604075691411936 0.22501081782778018 0.5705967976710334 0.22371267849415838 0.5730228044638525 0.22068368671570748 0.5715672003881611 0.22025097360450022 0.5526443474041728
0 0.6646473388143661 0.5429403202328966 0.6784941583729988 0.5725376031052887 0.6884465599307659 0.5987384764677341 0.6871484205971441 0.5992236778262979 0.6572912159238425 0.5929160601649685 0.6529640848117698 0.589034449296458 0.6620510601471224 0.5448811256671519 0.6642146257031588 0.5429403202328966
0 0.17395067070532236 0.28772440562833573 0.17481609692773692 0.29354682193110143 0.17005625270445696 0.3081028626880155 0.1562094331458243 0.33139252789907814 0.1436607529208135 0.34643377001455605 0.14149718736477715 0.34497816593886466 0.14409346603202078 0.33624454148471616 0.1691908264820424 0.28966521106259097 0.17135439203807876 0.2867540029112082 0.1735179575941151 0.28772440562833573
0 0.08135006490696668 0.6579330422125182 0.08308091735179576 0.6598738476467734 0.08221549112938122 0.6627850557981563 0.009086975335352661 0.7025715672003882 0.005192557334487235 0.7020863658418244 0.005192557334487235 0.6967491508976225 0.06144526179143228 0.6647258612324114 0.08091735179575942 0.658418243571082
0 0.463868455214193 0.2717127607957302 0.468628299437473 0.27559437166424067 0.47165729121592387 0.2828723920426977 0.46430116832540025 0.2906356137797186 0.4565123323236694 0.3042212518195051 0.45305062743401125 0.30373605046094126 0.4422327996538295 0.28966521106259097 0.4565123323236694 0.27365356622998543 0.4634357421029857 0.2717127607957302
0 0.8520121159671138 0.3930131004366812 0.8528775421895284 0.3551673944687045 0.8559065339679792 0.34400776322173704 0.8589355257464301 0.34497816593886466 0.8615318044136737 0.3901018922852984 0.8589355257464301 0.39349830179524503 0.8524448290783211 0.3930131004366812
0 0.7183037646040675 0.772440562833576 0.7490263954997837 0.7933042212518195 0.7481609692773691 0.7971858321203299 0.7347468628299437 0.8000970402717128 0.7187364777152748 0.7962154294032023 0.7157074859368239 0.777292576419214 0.7161401990480312 0.7729257641921398 0.7178710514928602 0.772440562833576
0 0.3742968411942882 0.03541969917515769 0.3777585460839463 0.036390101892285295 0.38035482475119 0.042212518195050945 0.3807875378623972 0.050460941290635615 0.3768931198615318 0.05240174672489083 0.3725659887494591 0.04997573993207181 0.37040242319342276 0.042212518195050945 0.37083513630463005 0.036390101892285295 0.3738641280830809 0.03541969917515769
0 0.5781047165729122 0.5269286754002911 0.5850281263522285 0.5448811256671519 0.5854608394634357 0.5550703541969918 0.5711813067935958 0.5511887433284813 0.5633924707918649 0.5434255215914604 0.5629597576806578 0.5400291120815138 0.5776720034617049 0.5269286754002911
0 0.5988749459108611 0.10286268801552645 0.6070964950237993 0.1091703056768559 0.6088273474686283 0.11256671518680253 0.6079619212462137 0.11984473556525958 0.6027693639117265 0.1227559437166424 0.5919515361315448 0.11984473556525958 0.5949805279099957 0.10577389616690927 0.5984422327996538 0.10334788937409024
0 0.6992643877109477 0.7336244541484717 0.6936391172652532 0.6967491508976225 0.6932064041540459 0.6855895196506551 0.694937256598875 0.6841339155749636 0.6971008221549113 0.6851043182920912 0.7170056252704456 0.7239204269771955 0.7161401990480312 0.727802037845706 0.6996971008221549 0.7336244541484717
0 0.5491129381220251 0.2561863173216885 0.5543054954565123 0.25958272683163514 0.552141929900476 0.2814167879670063 0.5443530938987451 0.2794759825327511 0.5421895283427088 0.27559437166424067 0.5439203807875379 0.25812712275594374 0.5486802250108178 0.2561863173216885
0 0.20986585893552576 0.928190198932557 0.21246213760276936 0.9315866084425036 0.2107312851579403 0.9393498301795244 0.19688446559930767 0.9412906356137797 0.1921246213760277 0.9398350315380883 0.19428818693206404 0.9306162057253761 0.2094331458243185 0.928190198932557
0 0.8117697966248377 0.4002911208151383 0.8160969277369104 0.4032023289665211 0.8139333621808741 0.40756914119359533 0.7940285590653396 0.41242115477923336 0.7905668541756815 0.4114507520621058 0.7935958459541325 0.40611353711790393 0.8031155344006924 0.40077632217370207 0.8113370835136304 0.4002911208151383
0 0.386845521419299 0.50509461426492 0.39073993942016444 0.5186802523047065 0.39593249675465164 0.5254730713245997 0.3842492427520554 0.53954391072295 0.3799221116399827 0.5361475012130034 0.3725659887494591 0.5138282387190685 0.3777585460839463 0.5084910237748665 0.3864128083080917 0.50509461426492
0 0.2587624405019472 0.9146045608927705 0.27390739939420167 0.9223677826297914 0.2799653829511034 0.9451722464822901 0.27650367806144527 0.9573022804463852 0.2717438338381653 0.9573022804463852 0.2617914322803981 0.9315866084425036 0.2587624405019472 0.9150897622513343
0 0.7310168758113371 0.34820960698689957 0.003245348334054522 0.0037894226103833088
0 0.8066724361748161 0.3415380883066472 0.0050021635655560365 0.0037894226103833088
0 0.7241843357853742 0.363901018922853 0.0028385980095196883 0.0024260067928190197
0 0.726486369536997 0.3466181465308103 0.0044612721765469494 0.0030325084910237748
0 0.7030895716140199 0.35927704997573995 0.0044612721765469494 0.004095099466278505
0 0.7306360882734747 0.5354196991751576 0.006490696668109044 0.006307617661329452
0 0.4201557767200346 0.04604075691411936 0.003479013414106447 0.0039010189228529837
0 0.9370056252704457 0.10209606986899562 0.005049762007788836 0.0060650169820475495