0 0.8489116517285531 0.1881060116354234 0.8719590268886044 0.1971557853910795 0.9353393085787451 0.2081447963800905 0.9353393085787451 0.21266968325791855 0.91101152368758 0.2727860374919198 0.9065300896286812 0.27472527472527475 0.8559539052496798 0.2669683257918552 0.8258642765685019 0.2579185520361991 0.8450704225352113 0.19392372333548805 0.8482714468629962 0.1887524240465417
0 0.5704225352112676 0.2850678733031674 0.5845070422535211 0.29282482223658696 0.5966709346991037 0.2960568842921784 0.615877080665813 0.3070458952811894 0.617797695262484 0.3102779573367809 0.615877080665813 0.31221719457013575 0.6081946222791293 0.31351001939237233 0.5723431498079385 0.31092436974789917 0.5672215108834827 0.29282482223658696 0.5665813060179258 0.286360698125404 0.5697823303457106 0.2850678733031674
0 0.45710627400768244 0.5235940530058177 0.5044814340588989 0.5255332902391726 0.5051216389244558 0.5345830639948287 0.5108834827144686 0.5462184873949579 0.5204865556978233 0.5811247575953459 0.5192061459667093 0.5875888817065288 0.4731113956466069 0.5888817065287654 0.4686299615877081 0.5888817065287654 0.4654289372599232 0.5856496444731739 0.44430217669654287 0.5391079508726567 0.4385403329065301 0.5319974143503555 0.43918053777208704 0.524240465416936 0.4564660691421255 0.5235940530058177
0 0.056978233034571064 0.5268261150614092 0.06081946222791293 0.5300581771170007 0.06338028169014084 0.5365223012281836 0.07170294494238157 0.5882352941176471 0.0678617157490397 0.5940530058177117 0.04865556978233035 0.6005171299288946 0.04289372599231754 0.599224305106658 0.03905249679897567 0.5908209437621202 0.035211267605633804 0.5326438267614738 0.04289372599231754 0.5255332902391726 0.056338028169014086 0.5268261150614092
0 0.7131882202304738 0.7459599224305107 0.7170294494238156 0.7472527472527473 0.7151088348271447 0.7575953458306399 0.6959026888604354 0.8131868131868132 0.6907810499359796 0.821590174531351 0.6209987195902689 0.8034906270200388 0.5985915492957746 0.7950872656755009 0.5966709346991037 0.7899159663865546 0.6126760563380281 0.7588881706528765 0.6683738796414853 0.7550096961861668 0.7125480153649167 0.746606334841629
0 0.058898847631242 0.21363930187459598 0.03201024327784891 0.1195862960568843
0 0.8335467349551856 0.5830639948287007 0.8642765685019206 0.6037491919844861 0.9020486555697823 0.6250808015513898 0.9161331626120358 0.6360698125404007 0.911651728553137 0.6619263089851325 0.9078104993597952 0.6677440206851971 0.8918053777208707 0.6793794440853265 0.8495518565941101 0.7175177763413058 0.8450704225352113 0.7175177763413058 0.8444302176696543 0.7155785391079509 0.8412291933418694 0.6489980607627667 0.8303457106274008 0.5985778926955397 0.8297055057618438 0.583710407239819 0.8309859154929577 0.5817711700064642 0.8329065300896287 0.5830639948287007
0 0.557618437900128 0.6832579185520362 0.560179257362356 0.6864899806076277 0.5345710627400768 0.7213962508080155 0.5230473751600512 0.7433742727860375 0.5102432778489117 0.7828054298642534 0.5032010243277849 0.8164188752424046 0.4839948783610755 0.8338720103425986 0.48079385403329067 0.8338720103425986 0.48079385403329067 0.8177117000646412 0.48911651728553135 0.7420814479638009 0.49615877080665816 0.7162249515190692 0.5057618437900128 0.7013574660633484 0.5441741357234315 0.6851971557853911 0.5569782330345711 0.6832579185520362
0 0.13444302176696543 0.1570782159017453 0.1709346991037132 0.18228829993535875 0.17477592829705504 0.1887524240465417 0.14084507042253522 0.26955397543632836 0.11011523687580026 0.2482223658694247 0.10179257362355953 0.2391725921137686 0.10499359795134443 0.22301228183581126 0.11971830985915492 0.18293471234647704 0.1299615877080666 0.1603102779573368 0.13380281690140844 0.1570782159017453
0 0.6421254801536491 0.04460245636716225 0.6619718309859155 0.0491273432449903 0.6651728553137004 0.051712992889463474 0.6645326504481434 0.058823529411764705 0.6542893725992317 0.08726567550096961 0.6485275288092189 0.10277957336780866 0.645326504481434 0.10536522301228184 0.6165172855313701 0.09954751131221719 0.617157490396927 0.09308338720103426 0.6331626120358514 0.054945054945054944 0.6370038412291933 0.04654169360051713 0.6414852752880922 0.04460245636716225
0 0.2848911651728553 0.5539754363283775 0.293213828425096 0.5597931480284422 0.2970550576184379 0.5804783451842276 0.26888604353393086 0.6451195862960569 0.2554417413572343 0.6399482870071105 0.24263764404609475 0.6296056884292178 0.2323943661971831 0.6160310277957337 0.23175416133162613 0.6108597285067874 0.2567221510883483 0.5591467356173239 0.2714468629961588 0.5507433742727861 0.28425096030729835 0.5539754363283775
0 0.5742637644046095 0.4964447317388494 0.5845070422535211 0.5003232062055591 0.6024327784891165 0.5326438267614738 0.6331626120358514 0.6231415643180349 0.6382842509603073 0.6444731738849386 0.6389244558258643 0.6528765352294764 0.6370038412291933 0.6561085972850679 0.6312419974391805 0.654169360051713 0.6197183098591549 0.6373626373626373 0.5825864276568502 0.5597931480284422 0.5710627400768246 0.5462184873949579 0.5653008962868118 0.5294117647058824 0.5454545454545454 0.5119586296056884 0.5460947503201025 0.5074337427278603 0.558258642765685 0.5042016806722689 0.5678617157490397 0.4970911441499677 0.5736235595390525 0.4964447317388494
0 0.2586427656850192 0.3025210084033613 0.26824583866837387 0.31157078215901746 0.2759282970550576 0.32449903038138334 0.2772087067861716 0.33096315449256625 0.29577464788732394 0.356819650937298 0.31049935979513443 0.37233354880413705 0.3348271446862996 0.3749191984486102 0.34314980793854033 0.38009049773755654 0.38988476312419973 0.39107950872656755 0.39820742637644047 0.4046541693600517 0.41613316261203587 0.4182288299935359 0.4193341869398207 0.43891402714932126 0.41165172855313703 0.4434389140271493 0.4046094750320102 0.442792501616031 0.39180537772087065 0.4259857789269554 0.3879641485275288 0.41111829347123463 0.382842509603073 0.40336134453781514 0.3207426376440461 0.39043309631544926 0.31049935979513443 0.3859082094376212 0.2880921895006402 0.36069812540400775 0.2701664532650448 0.3354880413703943 0.2580025608194622 0.3102779573367809 0.2580025608194622 0.3025210084033613
0 0.1350832266325224 0.3626373626373626 0.176056338028169 0.3930187459599224 0.17797695262483995 0.39689722042663217 0.1619718309859155 0.4175824175824176 0.12804097311139565 0.4544279250161603 0.11203585147247119 0.4460245636716225 0.08706786171574904 0.4266321913380737 0.0851472471190781 0.42146089204912734 0.1293213828425096 0.3632837750484809 0.13252240717029448 0.36134453781512604 0.13444302176696543 0.3626373626373626
0 0.2861715749039693 0.8468002585649644 0.29641485275288093 0.848093083387201 0.3028169014084507 0.8519715578539108 0.3034571062740077 0.8552036199095022 0.29641485275288093 0.8648998060762767 0.2893725992317542 0.8668390433096316 0.27848911651728553 0.8745959922430511 0.26504481434058896 0.8778280542986425 0.21254801536491677 0.9023917259211377 0.1939820742637644 0.9088558500323206 0.15620998719590268 0.9282482223658695 0.1350832266325224 0.9340659340659341 0.12483994878361075 0.9198448610213316 0.1235595390524968 0.9146735617323852 0.25032010243277847 0.8636069812540401 0.2855313700384123 0.8474466709760827
0 0.765685019206146 0.3658694246929541 0.7874519846350833 0.33160956690368454 0.8015364916773368 0.3277310924369748 0.8021766965428937 0.3329023917259211 0.7906530089628682 0.3626373626373626 0.7535211267605634 0.442792501616031 0.7471190781049936 0.4466709760827408 0.7151088348271447 0.4550743374272786 0.7106274007682458 0.4550743374272786 0.708066581306018 0.45248868778280543 0.7099871959026889 0.4466709760827408 0.7189500640204866 0.4369747899159664 0.765685019206146 0.3665158371040724
0 0.5265685019206146 0.9421460892049127 0.009603072983354673 0.009696186166774402