0 0.7828882294757665 0.1657922350472193 0.7858555885262116 0.1689401888772298 0.7799208704253214 0.1825813221406086 0.7729970326409495 0.18992654774396642 0.7640949554896143 0.19359916054564533 0.7274975272007913 0.1993704092339979 0.6656775469831849 0.20409233997901363 0.6617210682492581 0.2030430220356768 0.6617210682492581 0.1993704092339979 0.6745796241345203 0.17051416579223505 0.69188921859545 0.17103882476390347 0.7171117705242335 0.16789087093389296 0.7393669634025717 0.16998950682056663 0.7823936696340257 0.1657922350472193
0 0.3768545994065282 0.8798530954879329 0.40702274975272007 0.9102833158447009 0.3971315529179031 0.9317943336831059 0.35954500494559843 0.897691500524659 0.367457962413452 0.8767051416579223 0.36993076162215627 0.8751311647429171 0.37636003956478736 0.8798530954879329
0 0.40059347181008903 0.30325288562434416 0.42433234421364985 0.29223504721930743 0.4287833827893175 0.29223504721930743 0.47675568743818003 0.3646379853095488 0.4530168150346192 0.3782791185729276 0.45004945598417406 0.3772298006295908 0.4010880316518299 0.3074501573976915 0.40059347181008903 0.3037775445960126
0 0.9500494559841741 0.10703043022035677 0.9703264094955489 0.1080797481636936 0.9718100890207715 0.11070304302203568 0.973293768545994 0.1789087093389297 0.9698318496538081 0.18153200419727178 0.9609297725024728 0.1820566631689402 0.9357072205736894 0.18100734522560336 0.9327398615232443 0.1757607555089192 0.9292779426310583 0.11017838405036726 0.9312561819980217 0.10703043022035677 0.9495548961424333 0.10703043022035677
0 0.44807121661721067 0.4963273871983211 0.4920870425321464 0.5073452256033578 0.5084075173095944 0.5241343126967472 0.5113748763600395 0.5293809024134313 0.5089020771513353 0.5309548793284365 0.4287833827893175 0.521511017838405 0.4268051434223541 0.5188877229800629 0.43867457962413453 0.49842602308499473 0.4426310583580613 0.49580272822665267 0.4475766567754698 0.4963273871983211
0 0.768051434223541 0.842077649527807 0.7898120672601385 0.8515215110178384 0.8026706231454006 0.8614900314795383 0.8471810089020771 0.8866736621196223 0.8570722057368941 0.8950682056663168 0.8719090009891197 0.9008394543546695 0.8897131552917903 0.9113326337880377 0.9045499505440159 0.9113326337880377 0.933728981206726 0.9218258132214061 0.9357072205736894 0.9291710388247639 0.9312561819980217 0.9317943336831059 0.8877349159248269 0.9454354669464848 0.8758654797230465 0.9396642182581322 0.8283877349159249 0.9055613850996852 0.7759643916913946 0.8630640083945436 0.7621167161226509 0.8483735571878279 0.7621167161226509 0.8426023084994754 0.7675568743818002 0.842077649527807
0 0.7729970326409495 0.4092339979013641 0.8728981206726014 0.4391395592864638 0.8803165182987142 0.44176285414480587 0.8818001978239367 0.44438614900314793 0.8536102868447082 0.4706190975865687 0.8011869436201781 0.5047219307450157 0.794757665677547 0.5068205666316894 0.7744807121661721 0.5015739769150053 0.768051434223541 0.42759706190975866 0.7685459940652819 0.40975865687303253 0.7725024727992087 0.4092339979013641
0 0.18100890207715134 0.6269674711437565 0.18991097922848665 0.6311647429171039 0.21414441147378832 0.6332633788037776 0.2166172106824926 0.6374606505771249 0.21513353115727002 0.6715634837355718 0.21315529179030662 0.6736621196222455 0.1904055390702275 0.674186778593914 0.17804154302670624 0.6715634837355718 0.17062314540059348 0.6631689401888772 0.17457962413452027 0.6290661070304302 0.17655786350148367 0.6264428121720882 0.1805143422354105 0.6269674711437565
0 0.17556874381800197 0.15424973767051417 0.16864490603363008 0.13955928646379853 0.16963402571711178 0.1353620146904512 0.21167161226508407 0.13273871983210914 0.24085064292779426 0.12644281217208814 0.24826904055390703 0.12644281217208814 0.2502472799208704 0.1285414480587618 0.25469831849653807 0.14008394543546696 0.2532146389713155 0.14480587618048268 0.20870425321463898 0.15424973767051417 0.1904055390702275 0.15634837355718784 0.17606330365974282 0.15424973767051417
0 0.39762611275964393 0.5498426023084995 0.4540059347181009 0.6007345225603358 0.4530168150346192 0.6112277019937041 0.44609297725024727 0.6274921301154249 0.4421364985163205 0.6264428121720882 0.3837784371909001 0.5797481636935992 0.3837784371909001 0.574501573976915 0.390702274975272 0.5577124868835257 0.39416419386745793 0.5503672612801679 0.3971315529179031 0.5498426023084995
0 0.6716122650840751 0.22193074501573976 0.6923837784371909 0.23767051416579224 0.6978239366963402 0.24449108079748164 0.6943620178041543 0.2901364113326338 0.6958456973293768 0.34207764952780695 0.6923837784371909 0.3426023084994753 0.6829871414441148 0.33840503672612804 0.6325420375865479 0.310598111227702 0.6335311572700296 0.30325288562434416 0.6577645895153313 0.24239244491080797 0.6676557863501483 0.22455403987408185 0.6711177052423343 0.22245540398740818
0 0.056874381800197826 0.8924449108079748 0.07467853610286845 0.9102833158447009 0.0751730959446093 0.9144805876180483 0.04648862512363996 0.9422875131164743 0.04253214638971316 0.9412381951731374 0.024727992087042534 0.9181532004197271 0.024727992087042534 0.9150052465897167 0.05637982195845697 0.8929695697796433
0 0.14391691394658754 0.11909758656873033 0.14737883283877348 0.12277019937040923 0.1572700296735905 0.15110178384050368 0.1562809099901088 0.15687303252885623 0.14688427299703263 0.1558237145855194 0.10237388724035608 0.13693599160545644 0.10385756676557864 0.13326337880377753 0.1434223541048467 0.11909758656873033
0 0.8486646884272997 0.5267576075550892 0.8570722057368941 0.5325288562434418 0.8659742828882295 0.5472193074501573 0.8728981206726014 0.5671563483735572 0.8714144411473789 0.5766002098635886 0.8659742828882295 0.5792235047219307 0.8531157270029673 0.5797481636935992 0.8471810089020771 0.5708289611752361 0.8427299703264095 0.5487932843651626 0.8486646884272997 0.5424973767051416 0.8481701285855588 0.5272822665267576
0 0.37289812067260136 0.022560335781741866 0.4297725024727992 0.05666316894018888 0.4287833827893175 0.06348373557187828 0.4149357072205737 0.0844700944386149 0.3867457962413452 0.07292759706190975 0.3506429277942631 0.053515215110178385 0.35014836795252224 0.05036726128016789 0.3659742828882295 0.024134312696747113 0.36894164193867457 0.021511017838405037 0.3724035608308605 0.022560335781741866
0 0.27002967359050445 0.6778593913955928 0.2764589515331355 0.6820566631689402 0.2754698318496538 0.6867785939139559 0.20919881305637983 0.6993704092339978 0.20178041543026706 0.6993704092339978 0.19683481701285854 0.6920251836306401 0.19782393669634027 0.6883525708289612 0.2695351137487636 0.6778593913955928
0 0.8016815034619189 0.23189926547743966 0.8224530168150346 0.23714585519412382 0.8358061325420376 0.24449108079748164 0.8724035608308606 0.2848898216159496 0.9258160237388724 0.3279118572927597 0.93026706231454 0.3357817418677859 0.9248269040553907 0.34679958027282265 0.9213649851632048 0.3462749213011542 0.8728981206726014 0.304302203567681 0.8323442136498517 0.25760755508919203 0.8001978239366964 0.24186778593913955 0.7571711177052424 0.2429171038824764 0.7378832838773491 0.2502623294858342 0.7200791295746786 0.2602308499475341 0.7215628090999011 0.25498426023084997 0.7304648862512364 0.24763903462749212 0.7561819980217607 0.23504721930745015 0.7670623145400594 0.2324239244491081 0.8011869436201781 0.23189926547743966
0 0.5845697329376854 0.6915005246589717 0.609297725024728 0.7339979013641134 0.5830860534124629 0.7770199370409234 0.5801186943620178 0.7859391395592865 0.5741839762611276 0.7906610703043022 0.566271018793274 0.7796432318992654 0.5445103857566765 0.7381951731374606 0.5440158259149357 0.7339979013641134 0.5499505440158259 0.7292759706190975 0.5642927794263106 0.7098635886673662 0.5811078140454995 0.6920251836306401 0.5840751730959446 0.6915005246589717
0 0.6295746785361028 0.6469045120671564 0.6656775469831849 0.6773347324239245 0.695351137487636 0.695697796432319 0.7096933728981206 0.695697796432319 0.755192878338279 0.6883525708289612 0.7685459940652819 0.6888772298006296 0.8021760633036598 0.7067156348373557 0.8036597428288823 0.7098635886673662 0.7967359050445104 0.7140608604407135 0.7729970326409495 0.7040923399790137 0.7685459940652819 0.6988457502623295 0.7596439169139466 0.6951731374606506 0.701780415430267 0.7030430220356768 0.6928783382789317 0.70199370409234 0.6498516320474778 0.6720881427072403 0.6266073194856577 0.6500524658971668 0.6261127596439169 0.646379853095488 0.629080118694362 0.6469045120671564
0 0.7828882294757665 0.18153200419727178 0.8728981206726014 0.1967471143756558 0.8798219584569733 0.20146904512067157 0.8832838773491593 0.21038824763903463 0.8822947576656776 0.2161594963273872 0.8580613254203758 0.21720881427072403 0.8090999010880316 0.21038824763903463 0.7695351137487636 0.20776495278069254 0.7655786350148368 0.2030430220356768 0.7655786350148368 0.19622245540398742 0.7823936696340257 0.1820566631689402
0 0.6819980217606331 0.4223504721930745 0.685459940652819 0.42392444910807975 0.6943620178041543 0.4790136411332634 0.6923837784371909 0.48006295907660024 0.6819980217606331 0.4669464847848898 0.6676557863501483 0.4428121720881427 0.6745796241345203 0.4302203567681007 0.6819980217606331 0.4228751311647429
0 0.5128585558852621 0.9118572927597062 0.5153313550939663 0.9144805876180483 0.5153313550939663 0.9202518363064008 0.5123639960435212 0.925498426023085 0.45351137487636006 0.9296956977964324 0.4426310583580613 0.9286463798530955 0.4426310583580613 0.9207764952780693 0.4446092977250247 0.9181532004197271 0.5123639960435212 0.9118572927597062
0 0.3034124629080119 0.35624344176285416 0.05192878338278932 0.1626442812172088