0 0.6563740626378474 0.37022222222222223 0.6612262902514336 0.37466666666666665 0.6682840758711954 0.3751111111111111 0.6696074106749007 0.38222222222222224 0.651080723423026 0.4151111111111111 0.6475518306131451 0.41688888888888886 0.6387295985884429 0.40844444444444444 0.6387295985884429 0.4013333333333333 0.6462284958094398 0.3897777777777778 0.6484340538156154 0.376 0.6528451698279665 0.37066666666666664 0.6559329510366123 0.37022222222222223
0 0.7516541685046316 0.6462222222222223 0.7613586237318042 0.6528888888888889 0.768857520952801 0.652 0.7750330833700926 0.656 0.7887075430083811 0.6595555555555556 0.8001764446404941 0.6586666666666666 0.8001764446404941 0.6671111111111111 0.7798853109836789 0.672 0.7701808557565064 0.6706666666666666 0.7437141596823996 0.6595555555555556 0.737097485663873 0.6546666666666666 0.7379797088663432 0.6493333333333333 0.745037494486105 0.6471111111111111 0.7481252756947507 0.6502222222222223 0.7512130569033966 0.6466666666666666
0 0.5116894574327305 0.5128888888888888 0.5222761358623732 0.5088888888888888 0.5262461402734891 0.5097777777777778 0.5368328187031319 0.5431111111111111 0.5222761358623732 0.548 0.5174239082487869 0.5471111111111111 0.5103661226290251 0.5226666666666666 0.5116894574327305 0.5133333333333333
0 0.8698720776356418 0.9133333333333333 0.8813409792677548 0.92 0.8989854433171592 0.9355555555555556 0.8857520952801059 0.9577777777777777 0.8734009704455227 0.9724444444444444 0.8689898544331716 0.9706666666666667 0.8672254080282311 0.9497777777777778 0.8659020732245258 0.9204444444444444 0.8694309660344067 0.9133333333333333
0 0.02646669607410675 0.5075555555555555 0.03573003970004411 0.5106666666666667 0.03970004411116013 0.5168888888888888 0.05116894574327305 0.5253333333333333 0.05734450816056462 0.536 0.05690339655932951 0.5448888888888889 0.050727834142037936 0.5426666666666666 0.016321129245699163 0.5155555555555555 0.0141155712395236 0.512 0.015438906043228937 0.5084444444444445 0.026025584472871635 0.5075555555555555
0 0.33127481252756946 0.44044444444444447 0.3418614909572122 0.44266666666666665 0.3453903837670931 0.4457777777777778 0.3423026025584473 0.4613333333333333 0.3392148213498015 0.45066666666666666 0.3374503749448611 0.4533333333333333 0.34406704896338774 0.5297777777777778 0.34362593736215263 0.54 0.3383325981473313 0.5417777777777778 0.333480370533745 0.5333333333333333 0.33039258932509924 0.5102222222222222 0.3281870313189237 0.44755555555555554 0.33127481252756946 0.4408888888888889
0 0.1199823555359506 0.08177777777777778 0.15438906043228937 0.09066666666666667 0.15791795324217026 0.08933333333333333 0.16100573445081606 0.09288888888888888 0.18085575650639613 0.09911111111111111 0.18879576532862816 0.09911111111111111 0.19541243934715483 0.10355555555555555 0.2015880017644464 0.10444444444444445 0.20688134097926775 0.10888888888888888 0.20776356418173797 0.11466666666666667 0.20026466696074108 0.11777777777777777 0.17909131010145568 0.11644444444444445 0.13321570357300397 0.09733333333333333 0.11910013233348037 0.09377777777777778 0.11160123511248346 0.08888888888888889 0.11071901191001324 0.084 0.1129245699161888 0.08088888888888889 0.11954124393471548 0.08177777777777778
0 0.43890604322893695 0.7026666666666667 0.44596382884869873 0.7084444444444444 0.44993383325981473 0.7168888888888889 0.45037494486104984 0.724 0.45390383767093073 0.7271111111111112 0.4530216144684605 0.7515555555555555 0.4486104984561094 0.7577777777777778 0.4534627260696956 0.7613333333333333 0.4530216144684605 0.7666666666666667 0.45037494486104984 0.7688888888888888 0.4530216144684605 0.7733333333333333 0.4481693868548743 0.7755555555555556 0.4494927216585796 0.7791111111111111 0.44596382884869873 0.7813333333333333 0.44243493603881784 0.7795555555555556 0.4415527128363476 0.7862222222222223 0.43890604322893695 0.7871111111111111 0.42876047640052933 0.7848888888888889 0.42126157917953244 0.7857777777777778 0.4181737979708866 0.7844444444444445 0.41508601676224083 0.7728888888888888 0.4111160123511248 0.7728888888888888 0.41508601676224083 0.772 0.419497132774592 0.7546666666666667 0.42126157917953244 0.7266666666666667 0.4243493603881782 0.7133333333333334 0.43008381120423467 0.7057777777777777 0.4384649316277018 0.7031111111111111
0 0.5381561535068372 0.07466666666666667 0.5474194971327746 0.12666666666666668 0.5443317159241288 0.13111111111111112 0.5271283634759594 0.13866666666666666 0.5227172474636083 0.1368888888888889 0.5271283634759594 0.0791111111111111 0.5328628142920159 0.07466666666666667 0.5377150419056022 0.07466666666666667
0 0.2015880017644464 0.2857777777777778 0.20291133656815175 0.29333333333333333 0.20026466696074108 0.31733333333333336 0.18306131451257168 0.3217777777777778 0.17644464049404499 0.32133333333333336 0.17468019408910454 0.31377777777777777 0.18306131451257168 0.3035555555555556 0.18526687251874724 0.296 0.1980591089545655 0.2853333333333333 0.2011468901632113 0.2857777777777778
0 0.13145125716806352 0.7857777777777778 0.1340979267754742 0.7897777777777778 0.13321570357300397 0.7964444444444444 0.14247904719894133 0.8151111111111111 0.1455668284075871 0.8173333333333334 0.14600794000882222 0.8208888888888889 0.1407146007940009 0.8235555555555556 0.10674900749889722 0.8111111111111111 0.10410233789148654 0.808 0.105866784296427 0.8035555555555556 0.12262902514336127 0.7871111111111111 0.1310101455668284 0.7857777777777778
0 0.1795324217026908 0.352 0.18835465372739302 0.372 0.18570798411998235 0.37822222222222224 0.16012351124834584 0.364 0.15659461843846492 0.3595555555555556 0.15791795324217026 0.3537777777777778 0.17512130569033965 0.3537777777777778 0.17909131010145568 0.352
0 0.623290692545214 0.09733333333333333 0.6272606969563299 0.1 0.6290251433612704 0.10533333333333333 0.6281429201588001 0.10977777777777778 0.6241729157476842 0.11377777777777778 0.5505072783414203 0.15066666666666667 0.5469783855315394 0.14755555555555555 0.5456550507278342 0.1408888888888889 0.5483017203352448 0.13155555555555556 0.5540361711513013 0.13111111111111112 0.6228495809439788 0.09733333333333333
0 0.7657697397441553 0.1537777777777778 0.7856197617997354 0.16622222222222222 0.831495368328187 0.2088888888888889 0.8323775915306573 0.21644444444444444 0.8288486987207764 0.21866666666666668 0.8239964711071901 0.21733333333333332 0.7666519629466255 0.164 0.7626819585355095 0.15777777777777777 0.7653286281429201 0.1537777777777778
0 0.5500661667401853 0.6711111111111111 0.5496250551389501 0.6782222222222222 0.5575650639611822 0.6804444444444444 0.5606528451698279 0.6751111111111111 0.5588883987648875 0.6688888888888889 0.5606528451698279 0.668 0.5606528451698279 0.6755555555555556 0.5707984119982356 0.6857777777777778 0.5743273048081164 0.6822222222222222 0.5791795324217027 0.6857777777777778 0.5782973092192325 0.6888888888888889 0.5818262020291134 0.692 0.5796206440229378 0.7013333333333334 0.5712395235994706 0.7133333333333334 0.5632995147772386 0.7093333333333334 0.5368328187031319 0.6831111111111111 0.5359505955006617 0.6777777777777778 0.5390383767093074 0.6737777777777778 0.5496250551389501 0.6711111111111111
0 0.427437141596824 0.3377777777777778 0.43714159682399645 0.3453333333333333 0.43802382002646667 0.356 0.435377150419056 0.35777777777777775 0.4318482576091751 0.35555555555555557 0.4305249228054698 0.3591111111111111 0.43758270842523156 0.36666666666666664 0.43802382002646667 0.37244444444444447 0.4437582708425232 0.38266666666666665 0.44287604764005295 0.3884444444444444 0.4230260255844729 0.3808888888888889 0.4146449051610057 0.3626666666666667 0.41640935156594616 0.34444444444444444 0.42214380238200266 0.33866666666666667 0.4269960299955889 0.3377777777777778
0 0.7168063520070578 0.8151111111111111 0.7198941332157036 0.8213333333333334 0.7243052492280547 0.8244444444444444 0.7234230260255845 0.856 0.7212174680194089 0.8586666666666667 0.7053374503749449 0.8604444444444445 0.6996029995588884 0.8604444444444445 0.6982796647551831 0.8555555555555555 0.7119541243934715 0.8248888888888889 0.7115130127922364 0.8173333333333334 0.7163652404058227 0.8151111111111111
0 0.7829730921923247 0.52 0.7865019850022056 0.524 0.7873842082046758 0.5293333333333333 0.7838553153947949 0.5346666666666666 0.7595941773268637 0.548 0.7547419497132775 0.5466666666666666 0.7569475077194531 0.5395555555555556 0.7741508601676224 0.524 0.7825319805910895 0.52
0 0.870313189236877 0.13644444444444445 0.8729598588442876 0.1368888888888889 0.8760476400529333 0.14444444444444443 0.8835465372739303 0.16622222222222222 0.8835465372739303 0.17422222222222222 0.8800176444640494 0.1728888888888889 0.8729598588442876 0.15644444444444444 0.8681076312307013 0.14133333333333334 0.8698720776356418 0.13644444444444445
0 0.9951477723864137 0.5035555555555555 0.009704455227172474 0.016
0 0.8579620644022938 0.2768888888888889 0.8610498456109396 0.27955555555555556 0.8619320688134098 0.2862222222222222 0.8522276135862373 0.2986666666666667 0.8486987207763564 0.3 0.8447287163652404 0.29644444444444445 0.8447287163652404 0.2906666666666667 0.8535509483899426 0.2786666666666667 0.8575209528010587 0.2768888888888889
0 0.38332598147331276 0.34 0.388178209086899 0.3448888888888889 0.3850904278782532 0.352 0.3806793118659021 0.3546666666666667 0.37670930745478604 0.35244444444444445 0.37847375385972654 0.3431111111111111 0.38288486987207765 0.34044444444444444
0 0.25981473312748127 0.46444444444444444 0.2620202911336568 0.4666666666666667 0.25893250992501105 0.4693333333333333 0.2562858403176004 0.4662222222222222 0.25937362152624616 0.46444444444444444
0 0.5424084693427438 0.4777777777777778 0.0066166740185266875 0.007617777777777778
0 0.4634803705337451 0.55476 0.003149536832818703 0.0022222222222222222
0 0.5074591971768858 0.6240444444444444 0.00368769298632554 0.003351111111111111
0 0.709422143802382 0.2984 0.002973092192324658 0.003928888888888889
0 0.1887737097485664 0.6356577777777778 0.00541243934715483 0.0054533333333333335
0 0.12659902955447727 0.3453333333333333 0.1301279223643582 0.3453333333333333 0.12968681076312308 0.34844444444444445 0.12659902955447727 0.3457777777777778