0 0.6856027753686036 0.20044444444444445 0.689071986123157 0.20977777777777779 0.6652211621856028 0.22755555555555557 0.6613183000867303 0.22711111111111112 0.6591500433651344 0.22355555555555556 0.6595836947094535 0.21733333333333332 0.6821335646140503 0.20044444444444445 0.6851691240242844 0.20044444444444445
0 0.3820468343451865 0.048 0.39722463139635733 0.05733333333333333 0.3998265394622723 0.06355555555555556 0.32914137033824803 0.12444444444444444 0.3269731136166522 0.124 0.32133564614050303 0.10977777777777778 0.3226366001734605 0.10266666666666667 0.34388551604509976 0.08266666666666667 0.3616652211621856 0.059111111111111114 0.38161318300086733 0.048
0 0.572419774501301 0.29244444444444445 0.6019080659150043 0.352 0.6058109280138768 0.3551111111111111 0.6092801387684302 0.35155555555555557 0.6153512575888985 0.3546666666666667 0.6196877710320902 0.35155555555555557 0.619254119687771 0.356 0.6300954032957502 0.35644444444444445 0.6331309627059843 0.3586666666666667 0.6305290546400694 0.38355555555555554 0.6335646140503035 0.392 0.6318300086730269 0.3973333333333333 0.6352992194275803 0.4008888888888889 0.6331309627059843 0.4057777777777778 0.6257588898525586 0.40444444444444444 0.6227233304423244 0.4008888888888889 0.6266261925411969 0.4013333333333333 0.6274934952298352 0.3973333333333333 0.6231569817866436 0.3888888888888889 0.6214223764093668 0.3933333333333333 0.6162185602775369 0.3973333333333333 0.606244579358196 0.40044444444444444 0.5767562879444926 0.4235555555555556 0.5663486556808326 0.4288888888888889 0.5637467476149176 0.4288888888888889 0.5529054640069384 0.4137777777777778 0.546400693842151 0.4088888888888889 0.5490026019080659 0.4057777777777778 0.5477016478751084 0.40044444444444444 0.5294882914137033 0.37644444444444447 0.5299219427580225 0.37244444444444447 0.52601908065915 0.372 0.5251517779705117 0.36533333333333334 0.5268863833477884 0.3626666666666667 0.5221162185602776 0.3626666666666667 0.5225498699045967 0.356 0.5186470078057241 0.35244444444444445 0.5199479618386817 0.34844444444444445 0.5138768430182133 0.3382222222222222 0.5138768430182133 0.332 0.5628794449262793 0.29555555555555557 0.5719861231569818 0.29244444444444445
0 0.4271465741543799 0.04755555555555555 0.5 0.05422222222222222 0.49956634865568084 0.07066666666666667 0.49522983521248914 0.07466666666666667 0.46097137901127494 0.07555555555555556 0.45403295750216827 0.08222222222222222 0.44362532523850823 0.0791111111111111 0.4228100607111882 0.08133333333333333 0.419774501300954 0.07955555555555556 0.41803989592367735 0.04933333333333333 0.42671292281006074 0.04755555555555555
0 0.9718126626192541 0.5728888888888889 0.9752818733738075 0.5742222222222222 0.9809193408499567 0.5853333333333334 0.9791847354726799 0.5951111111111111 0.924978317432784 0.6311111111111111 0.9210754553339116 0.6297777777777778 0.914570685169124 0.6186666666666667 0.9111014744145707 0.6093333333333333 0.9124024284475282 0.6057777777777777 0.9596704249783174 0.5777777777777777 0.971379011274935 0.5728888888888889
0 0.1131830008673027 0.49422222222222223 0.1170858629661752 0.496 0.12445793581960105 0.5075555555555555 0.16131830008673026 0.5466666666666666 0.20251517779705117 0.5951111111111111 0.19297484822202948 0.6022222222222222 0.19297484822202948 0.6057777777777777 0.1899392888117953 0.6062222222222222 0.1756287944492628 0.6017777777777777 0.15741543798785776 0.6017777777777777 0.15047701647875109 0.5951111111111111 0.13573287077189938 0.5702222222222222 0.08803122289679098 0.5013333333333333 0.09019947961838681 0.49822222222222223 0.10277536860364267 0.49822222222222223 0.11274934952298352 0.49422222222222223
0 0.45967042497831745 0.46444444444444444 0.4770164787510841 0.4582222222222222 0.48178664353859496 0.45911111111111114 0.48438855160451 0.492 0.48308759757155245 0.5035555555555555 0.4627059843885516 0.5075555555555555 0.45967042497831745 0.48533333333333334 0.45967042497831745 0.4648888888888889
0 0.7623590633130962 0.412 0.7740676496097137 0.4111111111111111 0.7875108412836079 0.41333333333333333 0.8339115351257589 0.43022222222222223 0.8725065047701648 0.44133333333333336 0.885949696444059 0.4444444444444444 0.9080659150043365 0.4448888888888889 0.927580225498699 0.45111111111111113 0.9388551604509974 0.47244444444444444 0.9457935819601041 0.49777777777777776 0.9388551604509974 0.5066666666666667 0.9280138768430182 0.5142222222222222 0.924978317432784 0.5075555555555555 0.9210754553339116 0.4711111111111111 0.9150043365134432 0.4631111111111111 0.8881179531656548 0.45155555555555554 0.8768430182133564 0.45066666666666666 0.8278404163052906 0.43733333333333335 0.7974848222029488 0.42577777777777776 0.7649609713790113 0.42044444444444445 0.7614917606244579 0.4182222222222222 0.7623590633130962 0.41244444444444445
0 0.5368603642671292 0.6706666666666666 0.5398959236773634 0.672 0.5364267129228101 0.6804444444444444 0.5160450997398092 0.7102222222222222 0.5073720728534259 0.7128888888888889 0.4835212489158716 0.7142222222222222 0.4392888117953166 0.7124444444444444 0.4098005203816132 0.7066666666666667 0.40589765828274066 0.7026666666666667 0.4111014744145707 0.6968888888888889 0.42324371205550737 0.6955555555555556 0.45099739809193407 0.6973333333333334 0.46313963573287076 0.6955555555555556 0.5364267129228101 0.6706666666666666
0 0.6032090199479618 0.7804444444444445 0.6248915871639202 0.8093333333333333 0.6261925411968777 0.8142222222222222 0.5607111882046835 0.8333333333333334 0.5568083261058109 0.8328888888888889 0.5533391153512576 0.8284444444444444 0.5398959236773634 0.8062222222222222 0.5394622723330442 0.8022222222222222 0.5719861231569818 0.7893333333333333 0.6027753686036427 0.7804444444444445
0 0.7376409366869038 0.6417777777777778 0.7367736339982653 0.648 0.7181266261925412 0.6555555555555556 0.6695576756287944 0.6671111111111111 0.6647875108412836 0.6671111111111111 0.6643538594969645 0.664 0.6686903729401561 0.6542222222222223 0.6725932350390286 0.6506666666666666 0.6973113616652211 0.6493333333333333 0.7372072853425846 0.6417777777777778
0 0.3534258456201214 0.2866666666666667 0.38378143972246315 0.3168888888888889 0.3846487424111015 0.3217777777777778 0.34215091066782305 0.39155555555555555 0.3139635732870772 0.3626666666666667 0.3117953165654814 0.35555555555555557 0.3378143972246314 0.30666666666666664 0.35299219427580225 0.2866666666666667